$CV1,0,0,1,0,100.0,-50.0,800.0,0.000000,0.000000,0.000000*20
$CV1,1,101,1,0,100.0,-50.0,800.0,0.000000,0.000000,0.000000*21
$CV1,2,202,1,0,100.0,-50.0,800.0,0.000000,0.000000,0.000000*22
$CV1,3,303,1,0,100.0,-50.0,800.0,0.000000,0.000000,0.000000*23
$CV1,4,403,1,0,100.0,-50.0,800.0,0.000000,0.000000,0.000000*23
$CV1,5,504,1,0,100.0,-50.0,800.0,0.000000,0.000000,0.000000*24
$CV1,6,605,1,0,100.0,-50.0,800.0,0.000000,0.000000,0.000000*25
$CV1,7,706,1,0,100.0,-50.0,800.0,0.000000,0.000000,0.000000*26
$CV1,8,807,1,0,100.0,-50.0,800.0,0.000000,0.000000,0.000000*27
$CV1,9,908,1,0,100.0,-50.0,800.0,0.000000,0.000000,0.000000*28
$CV1,10,1009,1,0,100.0,-50.0,800.0,0.000000,0.000000,0.000000*29
$CV1,11,1110,1,0,100.0,-50.0,800.0,0.000000,0.000000,0.000000*21
$CV1,12,1211,1,0,100.0,-50.0,800.0,0.000000,0.000000,0.000000*20
$CV1,13,1312,1,0,100.0,-50.0,800.0,0.000000,0.000000,0.000000*23
$CV1,14,1414,1,0,100.0,-50.0,800.0,0.000000,0.000000,0.000000*25
$CV1,15,1515,1,0,100.0,-50.0,800.0,0.000000,0.000000,0.000000*24
$CV1,16,1616,1,0,100.0,-50.0,800.0,0.000000,0.000000,0.000000*27
$CV1,17,1717,1,0,100.0,-50.0,800.0,0.000000,0.000000,0.000000*26
$CV1,18,1819,1,0,100.0,-50.0,800.0,0.000000,0.000000,0.000000*28
$CV1,19,1920,1,0,100.0,-50.0,800.0,0.000000,0.000000,0.000000*22
$CV1,20,2022,1,0,100.0,-50.0,800.0,0.000000,0.000000,0.000000*20
$CV1,21,2123,1,0,100.0,-50.0,800.0,0.000000,0.000000,0.000000*21
$CV1,22,2224,1,0,100.0,-50.0,800.0,0.000000,0.000000,0.000000*26
$CV1,23,2325,1,0,100.0,-50.0,800.0,0.000000,0.000000,0.000000*27
$CV1,24,2425,1,0,100.0,-50.0,800.0,0.000000,0.000000,0.000000*27
$CV1,25,2526,1,0,100.0,-50.0,800.0,0.000000,0.000000,0.000000*24
$CV1,26,2628,1,0,100.0,-50.0,800.0,0.000000,0.000000,0.000000*2A
$CV1,27,2729,1,0,100.0,-50.0,800.0,0.000000,0.000000,0.000000*2B
$CV1,28,2830,1,0,100.0,-50.0,800.0,0.000000,0.000000,0.000000*23
$CV1,29,2931,1,0,100.0,-50.0,800.0,0.000000,0.000000,0.000000*22
$CV1,30,3032,0,-1,0.0,0.0,0.0,0.000000,0.000000,0.000000*1D
$CV1,31,3133,0,-1,0.0,0.0,0.0,0.000000,0.000000,0.000000*1C
$CV1,32,3234,0,-1,0.0,0.0,0.0,0.000000,0.000000,0.000000*1B
$CV1,33,3335,0,-1,0.0,0.0,0.0,0.000000,0.000000,0.000000*1A
$CV1,34,3436,0,-1,0.0,0.0,0.0,0.000000,0.000000,0.000000*19
$CV1,35,3537,0,-1,0.0,0.0,0.0,0.000000,0.000000,0.000000*18
$CV1,36,3638,0,-1,0.0,0.0,0.0,0.000000,0.000000,0.000000*17
$CV1,37,3740,0,-1,0.0,0.0,0.0,0.000000,0.000000,0.000000*18
$CV1,38,3841,0,-1,0.0,0.0,0.0,0.000000,0.000000,0.000000*19
$CV1,39,3942,0,-1,0.0,0.0,0.0,0.000000,0.000000,0.000000*1A
$CV1,40,4043,0,-1,0.0,0.0,0.0,0.000000,0.000000,0.000000*1B
$CV1,41,4144,0,-1,0.0,0.0,0.0,0.000000,0.000000,0.000000*1C
$CV1,42,4245,0,-1,0.0,0.0,0.0,0.000000,0.000000,0.000000*1D
$CV1,43,4346,0,-1,0.0,0.0,0.0,0.000000,0.000000,0.000000*1E
$CV1,44,4447,0,-1,0.0,0.0,0.0,0.000000,0.000000,0.000000*1F
$CV1,45,4548,0,-1,0.0,0.0,0.0,0.000000,0.000000,0.000000*10
$CV1,46,4649,0,-1,0.0,0.0,0.0,0.000000,0.000000,0.000000*11
$CV1,47,4750,0,-1,0.0,0.0,0.0,0.000000,0.000000,0.000000*19
$CV1,48,4851,0,-1,0.0,0.0,0.0,0.000000,0.000000,0.000000*18
$CV1,49,4953,0,-1,0.0,0.0,0.0,0.000000,0.000000,0.000000*1A
$CV1,50,5055,1,0,100.0,-50.0,800.0,0.000000,0.000000,0.000000*20
$CV1,51,5156,1,0,100.0,-50.0,800.0,0.000000,0.000000,0.000000*23
$CV1,52,5258,1,0,100.0,-50.0,800.0,0.000000,0.000000,0.000000*2D
$CV1,53,5359,1,0,100.0,-50.0,800.0,0.000000,0.000000,0.000000*2C
$CV1,54,5460,1,0,100.0,-50.0,800.0,0.000000,0.000000,0.000000*26
$CV1,55,5561,1,0,100.0,-50.0,800.0,0.000000,0.000000,0.000000*27
$CV1,56,5662,1,0,100.0,-50.0,800.0,0.000000,0.000000,0.000000*24
$CV1,57,5764,1,0,100.0,-50.0,800.0,0.000000,0.000000,0.000000*22
$CV1,58,5865,1,0,100.0,-50.0,800.0,0.000000,0.000000,0.000000*23
$CV1,59,5966,1,0,100.0,-50.0,800.0,0.000000,0.000000,0.000000*20
$CV1,60,6068,1,0,100.0,-50.0,800.0,0.000000,0.000000,0.000000*2E
$CV1,61,6169,1,0,100.0,-50.0,800.0,0.000000,0.000000,0.000000*2F
$CV1,62,6270,1,0,100.0,-50.0,800.0,0.000000,0.000000,0.000000*27
$CV1,63,6371,1,0,100.0,-50.0,800.0,0.000000,0.000000,0.000000*26
$CV1,64,6472,1,0,100.0,-50.0,800.0,0.000000,0.000000,0.000000*25
$CV1,65,6573,1,0,100.0,-50.0,800.0,0.000000,0.000000,0.000000*24
$CV1,66,6674,1,0,100.0,-50.0,800.0,0.000000,0.000000,0.000000*23
$CV1,67,6775,1,0,100.0,-50.0,800.0,0.000000,0.000000,0.000000*22
$CV1,68,6876,1,0,100.0,-50.0,800.0,0.000000,0.000000,0.000000*21
$CV1,69,6977,1,0,100.0,-50.0,800.0,0.000000,0.000000,0.000000*20
$CV1,70,7078,1,0,100.0,-50.0,800.0,0.000000,0.000000,0.000000*2F
$CV1,71,7179,1,0,100.0,-50.0,800.0,0.000000,0.000000,0.000000*2E
$CV1,72,7280,1,0,100.0,-50.0,800.0,0.000000,0.000000,0.000000*28
$CV1,73,7380,1,0,100.0,-50.0,800.0,0.000000,0.000000,0.000000*28
$CV1,74,7481,1,0,100.0,-50.0,800.0,0.000000,0.000000,0.000000*29
$CV1,75,7582,1,0,100.0,-50.0,800.0,0.000000,0.000000,0.000000*2A
$CV1,76,7683,1,0,100.0,-50.0,800.0,0.000000,0.000000,0.000000*2B
$CV1,77,7784,1,0,100.0,-50.0,800.0,0.000000,0.000000,0.000000*2C
$CV1,78,7885,1,0,100.0,-50.0,800.0,0.000000,0.000000,0.000000*2D
$CV1,79,7986,1,0,100.0,-50.0,800.0,0.000000,0.000000,0.000000*2E
$CV1,80,8087,1,0,100.0,-50.0,800.0,0.000000,0.000000,0.000000*2F
$CV1,81,8187,1,0,100.0,-50.0,800.0,0.000000,0.000000,0.000000*2F
$CV1,82,8289,1,0,100.0,-50.0,800.0,0.000000,0.000000,0.000000*21
$CV1,83,8390,1,0,100.0,-50.0,800.0,0.000000,0.000000,0.000000*29
$CV1,84,8491,1,0,100.0,-50.0,800.0,0.000000,0.000000,0.000000*28
$CV1,85,8592,1,0,100.0,-50.0,800.0,0.000000,0.000000,0.000000*2B
$CV1,86,8693,1,0,100.0,-50.0,800.0,0.000000,0.000000,0.000000*2A
$CV1,87,8794,1,0,100.0,-50.0,800.0,0.000000,0.000000,0.000000*2D
$CV1,88,8895,1,0,100.0,-50.0,800.0,0.000000,0.000000,0.000000*2C
$CV1,89,8996,1,0,100.0,-50.0,800.0,0.000000,0.000000,0.000000*2F
$CV1,90,9097,1,0,100.0,-50.0,800.0,0.000000,0.000000,0.000000*2E
$CV1,91,9198,1,0,100.0,-50.0,800.0,0.000000,0.000000,0.000000*21
$CV1,92,9299,1,0,100.0,-50.0,800.0,0.000000,0.000000,0.000000*20
$CV1,93,9400,1,0,100.0,-50.0,800.0,0.000000,0.000000,0.000000*27
$CV1,94,9520,1,0,100.0,-50.0,800.0,0.000000,0.000000,0.000000*23
$CV1,95,9621,1,0,100.0,-50.0,800.0,0.000000,0.000000,0.000000*20
$CV1,96,9722,1,0,100.0,-50.0,800.0,0.000000,0.000000,0.000000*21
$CV1,97,9823,1,0,100.0,-50.0,800.0,0.000000,0.000000,0.000000*2E
$CV1,98,9925,1,0,100.0,-50.0,800.0,0.000000,0.000000,0.000000*26
$CV1,99,10026,1,0,100.0,-50.0,800.0,0.000000,0.000000,0.000000*15
$CV1,100,10127,1,0,100.0,-50.0,800.0,0.000000,0.000000,0.000000*24
$CV1,101,10229,1,0,100.0,-50.0,800.0,0.000000,0.000000,0.000000*28
$CV1,102,10330,1,0,100.0,-50.0,800.0,0.000000,0.000000,0.000000*22
$CV1,103,10431,1,0,100.0,-50.0,800.0,0.000000,0.000000,0.000000*25
$CV1,104,10532,1,0,100.0,-50.0,800.0,0.000000,0.000000,0.000000*20
$CV1,105,10633,1,0,100.0,-50.0,800.0,0.000000,0.000000,0.000000*23
$CV1,106,10733,1,0,100.0,-50.0,800.0,0.000000,0.000000,0.000000*21
$CV1,107,10835,1,0,100.0,-50.0,800.0,0.000000,0.000000,0.000000*29
$CV1,108,10936,1,0,100.0,-50.0,800.0,0.000000,0.000000,0.000000*24
$CV1,109,11037,0,-1,0.0,0.0,0.0,0.000000,0.000000,0.000000*10
$CV1,110,11138,0,-1,0.0,0.0,0.0,0.000000,0.000000,0.000000*16
$CV1,111,11240,0,-1,0.0,0.0,0.0,0.000000,0.000000,0.000000*1B
$CV1,112,11342,0,-1,0.0,0.0,0.0,0.000000,0.000000,0.000000*1B
$CV1,113,11443,0,-1,0.0,0.0,0.0,0.000000,0.000000,0.000000*1C
$CV1,114,11544,0,-1,0.0,0.0,0.0,0.000000,0.000000,0.000000*1D
$CV1,115,11647,0,-1,0.0,0.0,0.0,0.000000,0.000000,0.000000*1C
$CV1,116,11749,0,-1,0.0,0.0,0.0,0.000000,0.000000,0.000000*10
$CV1,117,11850,0,-1,0.0,0.0,0.0,0.000000,0.000000,0.000000*16
$CV1,118,11951,0,-1,0.0,0.0,0.0,0.000000,0.000000,0.000000*19
$CV1,119,12053,0,-1,0.0,0.0,0.0,0.000000,0.000000,0.000000*10
$CV1,120,12154,0,-1,0.0,0.0,0.0,0.000000,0.000000,0.000000*1C
$CV1,121,12256,0,-1,0.0,0.0,0.0,0.000000,0.000000,0.000000*1C
$CV1,122,12357,0,-1,0.0,0.0,0.0,0.000000,0.000000,0.000000*1F
$CV1,123,12458,0,-1,0.0,0.0,0.0,0.000000,0.000000,0.000000*16
$CV1,124,12559,0,-1,0.0,0.0,0.0,0.000000,0.000000,0.000000*11
$CV1,125,12660,0,-1,0.0,0.0,0.0,0.000000,0.000000,0.000000*19
$CV1,126,12761,0,-1,0.0,0.0,0.0,0.000000,0.000000,0.000000*1A
$CV1,127,12862,0,-1,0.0,0.0,0.0,0.000000,0.000000,0.000000*17
$CV1,128,12963,0,-1,0.0,0.0,0.0,0.000000,0.000000,0.000000*18
$CV1,129,13065,1,0,100.0,-50.0,800.0,0.000000,0.000000,0.000000*2B
$CV1,130,13166,1,0,100.0,-50.0,800.0,0.000000,0.000000,0.000000*21
$CV1,131,13267,1,0,100.0,-50.0,800.0,0.000000,0.000000,0.000000*22
$CV1,132,13368,1,0,100.0,-50.0,800.0,0.000000,0.000000,0.000000*2F
$CV1,133,13469,1,0,100.0,-50.0,800.0,0.000000,0.000000,0.000000*28
$CV1,134,13570,1,0,100.0,-50.0,800.0,0.000000,0.000000,0.000000*26
$CV1,135,13671,1,0,100.0,-50.0,800.0,0.000000,0.000000,0.000000*25
$CV1,136,13772,1,0,100.0,-50.0,800.0,0.000000,0.000000,0.000000*24
$CV1,137,13873,1,0,100.0,-50.0,800.0,0.000000,0.000000,0.000000*2B
$CV1,138,13974,1,0,100.0,-50.0,800.0,0.000000,0.000000,0.000000*22
$CV1,139,14076,1,0,100.0,-50.0,800.0,0.000000,0.000000,0.000000*2F
$CV1,140,14177,1,0,100.0,-50.0,800.0,0.000000,0.000000,0.000000*21
$CV1,141,14278,1,0,100.0,-50.0,800.0,0.000000,0.000000,0.000000*2C
$CV1,142,14379,1,0,100.0,-50.0,800.0,0.000000,0.000000,0.000000*2F
$CV1,143,14480,1,0,100.0,-50.0,800.0,0.000000,0.000000,0.000000*2F
$CV1,144,14581,1,0,100.0,-50.0,800.0,0.000000,0.000000,0.000000*28
$CV1,145,14682,1,0,100.0,-50.0,800.0,0.000000,0.000000,0.000000*29
$CV1,146,14782,1,0,100.0,-50.0,800.0,0.000000,0.000000,0.000000*2B
$CV1,147,14883,1,0,100.0,-50.0,800.0,0.000000,0.000000,0.000000*24
$CV1,148,14984,1,0,100.0,-50.0,800.0,0.000000,0.000000,0.000000*2D
$CV1,149,15084,1,0,100.0,-50.0,800.0,0.000000,0.000000,0.000000*24
$CV1,150,15185,1,0,100.0,-50.0,800.0,0.000000,0.000000,0.000000*2C
$CV1,151,15286,1,0,100.0,-50.0,800.0,0.000000,0.000000,0.000000*2D
$CV1,152,15387,1,0,100.0,-50.0,800.0,0.000000,0.000000,0.000000*2E
$CV1,153,15488,1,0,100.0,-50.0,800.0,0.000000,0.000000,0.000000*27
$CV1,154,15589,1,0,100.0,-50.0,800.0,0.000000,0.000000,0.000000*20
$CV1,155,15690,1,0,100.0,-50.0,800.0,0.000000,0.000000,0.000000*2A
$CV1,156,15791,1,0,100.0,-50.0,800.0,0.000000,0.000000,0.000000*29
$CV1,157,15891,1,0,100.0,-50.0,800.0,0.000000,0.000000,0.000000*27
$CV1,158,15992,1,0,100.0,-50.0,800.0,0.000000,0.000000,0.000000*2A
$CV1,159,16093,1,0,100.0,-50.0,800.0,0.000000,0.000000,0.000000*20
$CV1,160,16195,1,0,100.0,-50.0,800.0,0.000000,0.000000,0.000000*2D
$CV1,161,16298,1,0,100.0,-50.0,800.0,0.000000,0.000000,0.000000*22
$CV1,162,16399,1,0,100.0,-50.0,800.0,0.000000,0.000000,0.000000*21
$CV1,163,16500,1,0,100.0,-50.0,800.0,0.000000,0.000000,0.000000*26
$CV1,164,16601,1,0,100.0,-50.0,800.0,0.000000,0.000000,0.000000*23
$CV1,165,16702,1,0,100.0,-50.0,800.0,0.000000,0.000000,0.000000*20
$CV1,166,16804,1,0,100.0,-50.0,800.0,0.000000,0.000000,0.000000*2A
$CV1,167,16904,1,0,100.0,-50.0,800.0,0.000000,0.000000,0.000000*2A
$CV1,168,17005,1,0,100.0,-50.0,800.0,0.000000,0.000000,0.000000*2C
$CV1,169,17106,1,0,100.0,-50.0,800.0,0.000000,0.000000,0.000000*2F
$CV1,170,17207,1,0,100.0,-50.0,800.0,0.000000,0.000000,0.000000*25
$CV1,171,17307,1,0,100.0,-50.0,800.0,0.000000,0.000000,0.000000*25
$CV1,172,17408,1,0,100.0,-50.0,800.0,0.000000,0.000000,0.000000*2E
$CV1,173,17509,1,0,100.0,-50.0,800.0,0.000000,0.000000,0.000000*2F
$CV1,174,17610,1,0,100.0,-50.0,800.0,0.000000,0.000000,0.000000*23
$CV1,175,17711,1,0,100.0,-50.0,800.0,0.000000,0.000000,0.000000*22
$CV1,176,17812,1,0,100.0,-50.0,800.0,0.000000,0.000000,0.000000*2D
$CV1,177,17913,1,0,100.0,-50.0,800.0,0.000000,0.000000,0.000000*2C
$CV1,178,18014,1,0,100.0,-50.0,800.0,0.000000,0.000000,0.000000*22
$CV1,179,18115,1,0,100.0,-50.0,800.0,0.000000,0.000000,0.000000*23
$CV1,180,18216,1,0,100.0,-50.0,800.0,0.000000,0.000000,0.000000*25
$CV1,181,18317,1,0,100.0,-50.0,800.0,0.000000,0.000000,0.000000*24
$CV1,182,18418,1,0,100.0,-50.0,800.0,0.000000,0.000000,0.000000*2F
$CV1,183,18520,1,0,100.0,-50.0,800.0,0.000000,0.000000,0.000000*24
$CV1,184,18621,1,0,100.0,-50.0,800.0,0.000000,0.000000,0.000000*21
$CV1,185,18722,1,0,100.0,-50.0,800.0,0.000000,0.000000,0.000000*22
$CV1,186,18823,1,0,100.0,-50.0,800.0,0.000000,0.000000,0.000000*2F
$CV1,187,18925,1,0,100.0,-50.0,800.0,0.000000,0.000000,0.000000*29
$CV1,188,19026,0,-1,0.0,0.0,0.0,0.000000,0.000000,0.000000*11
$CV1,189,19127,0,-1,0.0,0.0,0.0,0.000000,0.000000,0.000000*10
$CV1,190,19228,0,-1,0.0,0.0,0.0,0.000000,0.000000,0.000000*14
$CV1,191,19329,0,-1,0.0,0.0,0.0,0.000000,0.000000,0.000000*15
$CV1,192,19430,0,-1,0.0,0.0,0.0,0.000000,0.000000,0.000000*19
$CV1,193,19531,0,-1,0.0,0.0,0.0,0.000000,0.000000,0.000000*18
$CV1,194,19631,0,-1,0.0,0.0,0.0,0.000000,0.000000,0.000000*1C
$CV1,195,19732,0,-1,0.0,0.0,0.0,0.000000,0.000000,0.000000*1F
$CV1,196,19833,0,-1,0.0,0.0,0.0,0.000000,0.000000,0.000000*12
$CV1,197,19935,0,-1,0.0,0.0,0.0,0.000000,0.000000,0.000000*14
$CV1,198,20036,0,-1,0.0,0.0,0.0,0.000000,0.000000,0.000000*1B
$CV1,199,20137,0,-1,0.0,0.0,0.0,0.000000,0.000000,0.000000*1A
$CV1,200,20238,0,-1,0.0,0.0,0.0,0.000000,0.000000,0.000000*15
$CV1,201,20339,0,-1,0.0,0.0,0.0,0.000000,0.000000,0.000000*14
$CV1,202,20440,0,-1,0.0,0.0,0.0,0.000000,0.000000,0.000000*1E
$CV1,203,20541,0,-1,0.0,0.0,0.0,0.000000,0.000000,0.000000*1F
$CV1,204,20642,0,-1,0.0,0.0,0.0,0.000000,0.000000,0.000000*18
$CV1,205,20742,0,-1,0.0,0.0,0.0,0.000000,0.000000,0.000000*18
$CV1,206,20843,0,-1,0.0,0.0,0.0,0.000000,0.000000,0.000000*15
$CV1,207,20944,0,-1,0.0,0.0,0.0,0.000000,0.000000,0.000000*12
$CV1,208,21045,1,0,100.0,-50.0,800.0,0.000000,0.000000,0.000000*28
$CV1,209,21146,1,0,100.0,-50.0,800.0,0.000000,0.000000,0.000000*2B
$CV1,210,21248,1,0,100.0,-50.0,800.0,0.000000,0.000000,0.000000*2E
$CV1,211,21348,1,0,100.0,-50.0,800.0,0.000000,0.000000,0.000000*2E
$CV1,212,21449,1,0,100.0,-50.0,800.0,0.000000,0.000000,0.000000*2B
$CV1,213,21550,1,0,100.0,-50.0,800.0,0.000000,0.000000,0.000000*23
$CV1,214,21651,1,0,100.0,-50.0,800.0,0.000000,0.000000,0.000000*26
$CV1,215,21752,1,0,100.0,-50.0,800.0,0.000000,0.000000,0.000000*25
$CV1,216,21853,1,0,100.0,-50.0,800.0,0.000000,0.000000,0.000000*28
$CV1,217,21953,1,0,100.0,-50.0,800.0,0.000000,0.000000,0.000000*28
$CV1,218,22054,1,0,100.0,-50.0,800.0,0.000000,0.000000,0.000000*2A
$CV1,219,22155,1,0,100.0,-50.0,800.0,0.000000,0.000000,0.000000*2B
$CV1,220,22256,1,0,100.0,-50.0,800.0,0.000000,0.000000,0.000000*21
$CV1,221,22357,1,0,100.0,-50.0,800.0,0.000000,0.000000,0.000000*20
$CV1,222,22458,1,0,100.0,-50.0,800.0,0.000000,0.000000,0.000000*2B
$CV1,223,22560,1,0,100.0,-50.0,800.0,0.000000,0.000000,0.000000*20
$CV1,224,22660,1,0,100.0,-50.0,800.0,0.000000,0.000000,0.000000*24
$CV1,225,22761,1,0,100.0,-50.0,800.0,0.000000,0.000000,0.000000*25
$CV1,226,22862,1,0,100.0,-50.0,800.0,0.000000,0.000000,0.000000*2A
$CV1,227,22963,1,0,100.0,-50.0,800.0,0.000000,0.000000,0.000000*2B
$CV1,228,23064,1,0,100.0,-50.0,800.0,0.000000,0.000000,0.000000*2B
$CV1,229,23165,1,0,100.0,-50.0,800.0,0.000000,0.000000,0.000000*2A
$CV1,230,23266,1,0,100.0,-50.0,800.0,0.000000,0.000000,0.000000*22
$CV1,231,23367,1,0,100.0,-50.0,800.0,0.000000,0.000000,0.000000*23
$CV1,232,23467,1,0,100.0,-50.0,800.0,0.000000,0.000000,0.000000*27
$CV1,233,23568,1,0,100.0,-50.0,800.0,0.000000,0.000000,0.000000*28
$CV1,234,23669,1,0,100.0,-50.0,800.0,0.000000,0.000000,0.000000*2D
$CV1,235,23770,1,0,100.0,-50.0,800.0,0.000000,0.000000,0.000000*25
$CV1,236,23871,1,0,100.0,-50.0,800.0,0.000000,0.000000,0.000000*28
$CV1,237,23972,1,0,100.0,-50.0,800.0,0.000000,0.000000,0.000000*2B
$CV1,238,24073,1,0,100.0,-50.0,800.0,0.000000,0.000000,0.000000*2B
$CV1,239,24174,1,0,100.0,-50.0,800.0,0.000000,0.000000,0.000000*2C
$CV1,240,24275,1,0,100.0,-50.0,800.0,0.000000,0.000000,0.000000*20
$CV1,241,24375,1,0,100.0,-50.0,800.0,0.000000,0.000000,0.000000*20
$CV1,242,24476,1,0,100.0,-50.0,800.0,0.000000,0.000000,0.000000*27
$CV1,243,24576,1,0,100.0,-50.0,800.0,0.000000,0.000000,0.000000*27
$CV1,244,24677,1,0,100.0,-50.0,800.0,0.000000,0.000000,0.000000*22
$CV1,245,24778,1,0,100.0,-50.0,800.0,0.000000,0.000000,0.000000*2D
$CV1,246,24879,1,0,100.0,-50.0,800.0,0.000000,0.000000,0.000000*20
$CV1,247,24980,1,0,100.0,-50.0,800.0,0.000000,0.000000,0.000000*26
$CV1,248,25081,1,0,100.0,-50.0,800.0,0.000000,0.000000,0.000000*20
$CV1,249,25182,1,0,100.0,-50.0,800.0,0.000000,0.000000,0.000000*23
$CV1,250,25283,1,0,100.0,-50.0,800.0,0.000000,0.000000,0.000000*29
$CV1,251,25384,1,0,100.0,-50.0,800.0,0.000000,0.000000,0.000000*2E
$CV1,252,25486,1,0,100.0,-50.0,800.0,0.000000,0.000000,0.000000*28
$CV1,253,25587,1,0,100.0,-50.0,800.0,0.000000,0.000000,0.000000*29
$CV1,254,25688,1,0,100.0,-50.0,800.0,0.000000,0.000000,0.000000*22
$CV1,255,25788,1,0,100.0,-50.0,800.0,0.000000,0.000000,0.000000*22
$CV1,256,25889,1,0,100.0,-50.0,800.0,0.000000,0.000000,0.000000*2F
$CV1,257,25990,1,0,100.0,-50.0,800.0,0.000000,0.000000,0.000000*27
$CV1,258,26091,1,0,100.0,-50.0,800.0,0.000000,0.000000,0.000000*23
$CV1,259,26194,1,0,100.0,-50.0,800.0,0.000000,0.000000,0.000000*26
$CV1,260,26295,1,0,100.0,-50.0,800.0,0.000000,0.000000,0.000000*2E
$CV1,261,26396,1,0,100.0,-50.0,800.0,0.000000,0.000000,0.000000*2D
$CV1,262,26497,1,0,100.0,-50.0,800.0,0.000000,0.000000,0.000000*28
$CV1,263,26598,1,0,100.0,-50.0,800.0,0.000000,0.000000,0.000000*27
$CV1,264,26699,1,0,100.0,-50.0,800.0,0.000000,0.000000,0.000000*22
$CV1,265,26799,1,0,100.0,-50.0,800.0,0.000000,0.000000,0.000000*22
$CV1,266,26900,1,0,100.0,-50.0,800.0,0.000000,0.000000,0.000000*2F
$CV1,267,27002,0,-1,0.0,0.0,0.0,0.000000,0.000000,0.000000*18
$CV1,268,27103,0,-1,0.0,0.0,0.0,0.000000,0.000000,0.000000*17
$CV1,269,27204,0,-1,0.0,0.0,0.0,0.000000,0.000000,0.000000*12
$CV1,270,27306,0,-1,0.0,0.0,0.0,0.000000,0.000000,0.000000*19
$CV1,271,27407,0,-1,0.0,0.0,0.0,0.000000,0.000000,0.000000*1E
$CV1,272,27508,0,-1,0.0,0.0,0.0,0.000000,0.000000,0.000000*13
$CV1,273,27610,0,-1,0.0,0.0,0.0,0.000000,0.000000,0.000000*18
$CV1,274,27711,0,-1,0.0,0.0,0.0,0.000000,0.000000,0.000000*1F
$CV1,275,27812,0,-1,0.0,0.0,0.0,0.000000,0.000000,0.000000*12
$CV1,276,27914,0,-1,0.0,0.0,0.0,0.000000,0.000000,0.000000*16
$CV1,277,28015,0,-1,0.0,0.0,0.0,0.000000,0.000000,0.000000*10
$CV1,278,28116,0,-1,0.0,0.0,0.0,0.000000,0.000000,0.000000*1D
$CV1,279,28217,0,-1,0.0,0.0,0.0,0.000000,0.000000,0.000000*1E
$CV1,280,28318,0,-1,0.0,0.0,0.0,0.000000,0.000000,0.000000*16
$CV1,281,28419,0,-1,0.0,0.0,0.0,0.000000,0.000000,0.000000*11
$CV1,282,28520,0,-1,0.0,0.0,0.0,0.000000,0.000000,0.000000*19
$CV1,283,28621,0,-1,0.0,0.0,0.0,0.000000,0.000000,0.000000*1A
$CV1,284,28722,0,-1,0.0,0.0,0.0,0.000000,0.000000,0.000000*1F
$CV1,285,28823,0,-1,0.0,0.0,0.0,0.000000,0.000000,0.000000*10
$CV1,286,28925,0,-1,0.0,0.0,0.0,0.000000,0.000000,0.000000*14
$CV1,287,29025,1,0,100.0,-50.0,800.0,0.000000,0.000000,0.000000*21
$CV1,288,29126,1,0,100.0,-50.0,800.0,0.000000,0.000000,0.000000*2C
$CV1,289,29227,1,0,100.0,-50.0,800.0,0.000000,0.000000,0.000000*2F
$CV1,290,29329,1,0,100.0,-50.0,800.0,0.000000,0.000000,0.000000*28
$CV1,291,29430,1,0,100.0,-50.0,800.0,0.000000,0.000000,0.000000*26
$CV1,292,29531,1,0,100.0,-50.0,800.0,0.000000,0.000000,0.000000*25
$CV1,293,29631,1,0,100.0,-50.0,800.0,0.000000,0.000000,0.000000*27
$CV1,294,29732,1,0,100.0,-50.0,800.0,0.000000,0.000000,0.000000*22
$CV1,295,29833,1,0,100.0,-50.0,800.0,0.000000,0.000000,0.000000*2D
$CV1,296,29934,1,0,100.0,-50.0,800.0,0.000000,0.000000,0.000000*28
$CV1,297,30035,1,0,100.0,-50.0,800.0,0.000000,0.000000,0.000000*29
$CV1,298,30136,1,0,100.0,-50.0,800.0,0.000000,0.000000,0.000000*24
$CV1,299,30237,1,0,100.0,-50.0,800.0,0.000000,0.000000,0.000000*27
$CV1,300,30337,1,0,100.0,-50.0,800.0,0.000000,0.000000,0.000000*27
$CV1,301,30438,1,0,100.0,-50.0,800.0,0.000000,0.000000,0.000000*2E
$CV1,302,30539,1,0,100.0,-50.0,800.0,0.000000,0.000000,0.000000*2D
$CV1,303,30640,1,0,100.0,-50.0,800.0,0.000000,0.000000,0.000000*21
$CV1,304,30741,1,0,100.0,-50.0,800.0,0.000000,0.000000,0.000000*26
$CV1,305,30843,1,0,100.0,-50.0,800.0,0.000000,0.000000,0.000000*2A
$CV1,306,30944,1,0,100.0,-50.0,800.0,0.000000,0.000000,0.000000*2F
$CV1,307,31045,1,0,100.0,-50.0,800.0,0.000000,0.000000,0.000000*27
$CV1,308,31146,1,0,100.0,-50.0,800.0,0.000000,0.000000,0.000000*2A
$CV1,309,31247,1,0,100.0,-50.0,800.0,0.000000,0.000000,0.000000*29
$CV1,310,31348,1,0,100.0,-50.0,800.0,0.000000,0.000000,0.000000*2F
$CV1,311,31449,1,0,100.0,-50.0,800.0,0.000000,0.000000,0.000000*28
$CV1,312,31550,1,0,100.0,-50.0,800.0,0.000000,0.000000,0.000000*22
$CV1,313,31651,1,0,100.0,-50.0,800.0,0.000000,0.000000,0.000000*21
$CV1,314,31752,1,0,100.0,-50.0,800.0,0.000000,0.000000,0.000000*24
$CV1,315,31853,1,0,100.0,-50.0,800.0,0.000000,0.000000,0.000000*2B
$CV1,316,31954,1,0,100.0,-50.0,800.0,0.000000,0.000000,0.000000*2E
$CV1,317,32055,1,0,100.0,-50.0,800.0,0.000000,0.000000,0.000000*24
$CV1,318,32156,1,0,100.0,-50.0,800.0,0.000000,0.000000,0.000000*29
$CV1,319,32257,1,0,100.0,-50.0,800.0,0.000000,0.000000,0.000000*2A
$CV1,320,32358,1,0,100.0,-50.0,800.0,0.000000,0.000000,0.000000*2E
$CV1,321,32459,1,0,100.0,-50.0,800.0,0.000000,0.000000,0.000000*29
$CV1,322,32560,1,0,100.0,-50.0,800.0,0.000000,0.000000,0.000000*21
$CV1,323,32661,1,0,100.0,-50.0,800.0,0.000000,0.000000,0.000000*22
$CV1,324,32761,1,0,100.0,-50.0,800.0,0.000000,0.000000,0.000000*24
$CV1,325,32862,1,0,100.0,-50.0,800.0,0.000000,0.000000,0.000000*29
$CV1,326,32963,1,0,100.0,-50.0,800.0,0.000000,0.000000,0.000000*2A
$CV1,327,33064,1,0,100.0,-50.0,800.0,0.000000,0.000000,0.000000*24
$CV1,328,33165,1,0,100.0,-50.0,800.0,0.000000,0.000000,0.000000*2B
$CV1,329,33265,1,0,100.0,-50.0,800.0,0.000000,0.000000,0.000000*29
$CV1,330,33366,1,0,100.0,-50.0,800.0,0.000000,0.000000,0.000000*23
$CV1,331,33466,1,0,100.0,-50.0,800.0,0.000000,0.000000,0.000000*25
$CV1,332,33567,1,0,100.0,-50.0,800.0,0.000000,0.000000,0.000000*26
$CV1,333,33668,1,0,100.0,-50.0,800.0,0.000000,0.000000,0.000000*2B
$CV1,334,33769,1,0,100.0,-50.0,800.0,0.000000,0.000000,0.000000*2C
$CV1,335,33870,1,0,100.0,-50.0,800.0,0.000000,0.000000,0.000000*2A
$CV1,336,33971,1,0,100.0,-50.0,800.0,0.000000,0.000000,0.000000*29
$CV1,337,34073,1,0,100.0,-50.0,800.0,0.000000,0.000000,0.000000*24
$CV1,338,34174,1,0,100.0,-50.0,800.0,0.000000,0.000000,0.000000*2D
$CV1,339,34277,1,0,100.0,-50.0,800.0,0.000000,0.000000,0.000000*2C
$CV1,340,34377,1,0,100.0,-50.0,800.0,0.000000,0.000000,0.000000*23
$CV1,341,34478,1,0,100.0,-50.0,800.0,0.000000,0.000000,0.000000*2A
$CV1,342,34579,1,0,100.0,-50.0,800.0,0.000000,0.000000,0.000000*29
$CV1,343,34680,1,0,100.0,-50.0,800.0,0.000000,0.000000,0.000000*2D
$CV1,344,34781,1,0,100.0,-50.0,800.0,0.000000,0.000000,0.000000*2A
$CV1,345,34883,1,0,100.0,-50.0,800.0,0.000000,0.000000,0.000000*26
$CV1,346,34984,1,0,100.0,-50.0,800.0,0.000000,0.000000,0.000000*23
$CV1,347,35085,0,-1,0.0,0.0,0.0,0.000000,0.000000,0.000000*17
$CV1,348,35186,0,-1,0.0,0.0,0.0,0.000000,0.000000,0.000000*1A
$CV1,349,35286,0,-1,0.0,0.0,0.0,0.000000,0.000000,0.000000*18
$CV1,350,35387,0,-1,0.0,0.0,0.0,0.000000,0.000000,0.000000*10
$CV1,351,35489,0,-1,0.0,0.0,0.0,0.000000,0.000000,0.000000*18
$CV1,352,35589,0,-1,0.0,0.0,0.0,0.000000,0.000000,0.000000*1A
$CV1,353,35690,0,-1,0.0,0.0,0.0,0.000000,0.000000,0.000000*10
$CV1,354,35790,0,-1,0.0,0.0,0.0,0.000000,0.000000,0.000000*16
$CV1,355,35891,0,-1,0.0,0.0,0.0,0.000000,0.000000,0.000000*19
$CV1,356,35992,0,-1,0.0,0.0,0.0,0.000000,0.000000,0.000000*18
$CV1,357,36094,0,-1,0.0,0.0,0.0,0.000000,0.000000,0.000000*15
$CV1,358,36194,0,-1,0.0,0.0,0.0,0.000000,0.000000,0.000000*1B
$CV1,359,36295,0,-1,0.0,0.0,0.0,0.000000,0.000000,0.000000*18
$CV1,360,36396,0,-1,0.0,0.0,0.0,0.000000,0.000000,0.000000*10
$CV1,361,36497,0,-1,0.0,0.0,0.0,0.000000,0.000000,0.000000*17
$CV1,362,36598,0,-1,0.0,0.0,0.0,0.000000,0.000000,0.000000*1A
$CV1,363,36699,0,-1,0.0,0.0,0.0,0.000000,0.000000,0.000000*19
$CV1,364,36800,0,-1,0.0,0.0,0.0,0.000000,0.000000,0.000000*10
$CV1,365,36901,0,-1,0.0,0.0,0.0,0.000000,0.000000,0.000000*11
$CV1,366,37002,1,0,100.0,-50.0,800.0,0.000000,0.000000,0.000000*25
$CV1,367,37102,1,0,100.0,-50.0,800.0,0.000000,0.000000,0.000000*25
$CV1,368,37203,1,0,100.0,-50.0,800.0,0.000000,0.000000,0.000000*28
$CV1,369,37304,1,0,100.0,-50.0,800.0,0.000000,0.000000,0.000000*2F
$CV1,370,37404,1,0,100.0,-50.0,800.0,0.000000,0.000000,0.000000*20
$CV1,371,37505,1,0,100.0,-50.0,800.0,0.000000,0.000000,0.000000*21
$CV1,372,37606,1,0,100.0,-50.0,800.0,0.000000,0.000000,0.000000*22
$CV1,373,37707,1,0,100.0,-50.0,800.0,0.000000,0.000000,0.000000*23
$CV1,374,37808,1,0,100.0,-50.0,800.0,0.000000,0.000000,0.000000*24
$CV1,375,37910,1,0,100.0,-50.0,800.0,0.000000,0.000000,0.000000*2D
$CV1,376,38010,1,0,100.0,-50.0,800.0,0.000000,0.000000,0.000000*28
$CV1,377,38118,1,0,100.0,-50.0,800.0,0.000000,0.000000,0.000000*20
$CV1,378,38219,1,0,100.0,-50.0,800.0,0.000000,0.000000,0.000000*2D
$CV1,379,38320,1,0,100.0,-50.0,800.0,0.000000,0.000000,0.000000*27
$CV1,380,38421,1,0,100.0,-50.0,800.0,0.000000,0.000000,0.000000*27
$CV1,381,38522,1,0,100.0,-50.0,800.0,0.000000,0.000000,0.000000*24
$CV1,382,38623,1,0,100.0,-50.0,800.0,0.000000,0.000000,0.000000*25
$CV1,383,38724,1,0,100.0,-50.0,800.0,0.000000,0.000000,0.000000*22
$CV1,384,38825,1,0,100.0,-50.0,800.0,0.000000,0.000000,0.000000*2B
$CV1,385,38927,1,0,100.0,-50.0,800.0,0.000000,0.000000,0.000000*29
$CV1,386,39028,1,0,100.0,-50.0,800.0,0.000000,0.000000,0.000000*2D
$CV1,387,39129,1,0,100.0,-50.0,800.0,0.000000,0.000000,0.000000*2C
$CV1,388,39230,1,0,100.0,-50.0,800.0,0.000000,0.000000,0.000000*28
$CV1,389,39331,1,0,100.0,-50.0,800.0,0.000000,0.000000,0.000000*29
$CV1,390,39432,1,0,100.0,-50.0,800.0,0.000000,0.000000,0.000000*25
$CV1,391,39533,1,0,100.0,-50.0,800.0,0.000000,0.000000,0.000000*24
$CV1,392,39634,1,0,100.0,-50.0,800.0,0.000000,0.000000,0.000000*23
$CV1,393,39735,1,0,100.0,-50.0,800.0,0.000000,0.000000,0.000000*22
$CV1,394,39836,1,0,100.0,-50.0,800.0,0.000000,0.000000,0.000000*29
$CV1,395,39937,1,0,100.0,-50.0,800.0,0.000000,0.000000,0.000000*28
$CV1,396,40038,1,0,100.0,-50.0,800.0,0.000000,0.000000,0.000000*23
$CV1,397,40139,1,0,100.0,-50.0,800.0,0.000000,0.000000,0.000000*22
$CV1,398,40240,1,0,100.0,-50.0,800.0,0.000000,0.000000,0.000000*20
$CV1,399,40341,1,0,100.0,-50.0,800.0,0.000000,0.000000,0.000000*21
$CV1,400,40441,1,0,100.0,-50.0,800.0,0.000000,0.000000,0.000000*21
$CV1,401,40543,1,0,100.0,-50.0,800.0,0.000000,0.000000,0.000000*23
$CV1,402,40644,1,0,100.0,-50.0,800.0,0.000000,0.000000,0.000000*24
$CV1,403,40745,1,0,100.0,-50.0,800.0,0.000000,0.000000,0.000000*25
$CV1,404,40846,1,0,100.0,-50.0,800.0,0.000000,0.000000,0.000000*2E
$CV1,405,40947,1,0,100.0,-50.0,800.0,0.000000,0.000000,0.000000*2F
$CV1,406,41047,1,0,100.0,-50.0,800.0,0.000000,0.000000,0.000000*24
$CV1,407,41148,1,0,100.0,-50.0,800.0,0.000000,0.000000,0.000000*2B
$CV1,408,41249,1,0,100.0,-50.0,800.0,0.000000,0.000000,0.000000*26
$CV1,409,41350,1,0,100.0,-50.0,800.0,0.000000,0.000000,0.000000*2E
$CV1,410,41451,1,0,100.0,-50.0,800.0,0.000000,0.000000,0.000000*20
$CV1,411,41552,1,0,100.0,-50.0,800.0,0.000000,0.000000,0.000000*23
$CV1,412,41653,1,0,100.0,-50.0,800.0,0.000000,0.000000,0.000000*22
$CV1,413,41754,1,0,100.0,-50.0,800.0,0.000000,0.000000,0.000000*25
$CV1,414,41855,1,0,100.0,-50.0,800.0,0.000000,0.000000,0.000000*2C
$CV1,415,41956,1,0,100.0,-50.0,800.0,0.000000,0.000000,0.000000*2F
$CV1,416,42057,1,0,100.0,-50.0,800.0,0.000000,0.000000,0.000000*27
$CV1,417,42158,1,0,100.0,-50.0,800.0,0.000000,0.000000,0.000000*28
$CV1,418,42259,1,0,100.0,-50.0,800.0,0.000000,0.000000,0.000000*25
$CV1,419,42360,1,0,100.0,-50.0,800.0,0.000000,0.000000,0.000000*2F
$CV1,420,42461,1,0,100.0,-50.0,800.0,0.000000,0.000000,0.000000*23
$CV1,421,42562,1,0,100.0,-50.0,800.0,0.000000,0.000000,0.000000*20
$CV1,422,42663,1,0,100.0,-50.0,800.0,0.000000,0.000000,0.000000*21
$CV1,423,42764,1,0,100.0,-50.0,800.0,0.000000,0.000000,0.000000*26
$CV1,424,42865,1,0,100.0,-50.0,800.0,0.000000,0.000000,0.000000*2F
$CV1,425,42966,1,0,100.0,-50.0,800.0,0.000000,0.000000,0.000000*2C
$CV1,426,43067,0,-1,0.0,0.0,0.0,0.000000,0.000000,0.000000*1A
$CV1,427,43168,0,-1,0.0,0.0,0.0,0.000000,0.000000,0.000000*15
$CV1,428,43269,0,-1,0.0,0.0,0.0,0.000000,0.000000,0.000000*18
$CV1,429,43370,0,-1,0.0,0.0,0.0,0.000000,0.000000,0.000000*10
$CV1,430,43470,0,-1,0.0,0.0,0.0,0.000000,0.000000,0.000000*1F
$CV1,431,43571,0,-1,0.0,0.0,0.0,0.000000,0.000000,0.000000*1E
$CV1,432,43672,0,-1,0.0,0.0,0.0,0.000000,0.000000,0.000000*1D
$CV1,433,43773,0,-1,0.0,0.0,0.0,0.000000,0.000000,0.000000*1C
$CV1,434,43874,0,-1,0.0,0.0,0.0,0.000000,0.000000,0.000000*13
$CV1,435,43975,0,-1,0.0,0.0,0.0,0.000000,0.000000,0.000000*12
$CV1,436,44076,0,-1,0.0,0.0,0.0,0.000000,0.000000,0.000000*1C
$CV1,437,44177,0,-1,0.0,0.0,0.0,0.000000,0.000000,0.000000*1D
$CV1,438,44281,0,-1,0.0,0.0,0.0,0.000000,0.000000,0.000000*18
$CV1,439,44383,0,-1,0.0,0.0,0.0,0.000000,0.000000,0.000000*1A
$CV1,440,44484,0,-1,0.0,0.0,0.0,0.000000,0.000000,0.000000*14
$CV1,441,44585,0,-1,0.0,0.0,0.0,0.000000,0.000000,0.000000*15
$CV1,442,44686,0,-1,0.0,0.0,0.0,0.000000,0.000000,0.000000*16
$CV1,443,44787,0,-1,0.0,0.0,0.0,0.000000,0.000000,0.000000*17
$CV1,444,44888,0,-1,0.0,0.0,0.0,0.000000,0.000000,0.000000*10
$CV1,445,44988,0,-1,0.0,0.0,0.0,0.000000,0.000000,0.000000*10
$CV1,446,45090,1,0,100.0,-50.0,800.0,0.000000,0.000000,0.000000*2E
$CV1,447,45191,1,0,100.0,-50.0,800.0,0.000000,0.000000,0.000000*2F
$CV1,448,45292,1,0,100.0,-50.0,800.0,0.000000,0.000000,0.000000*20
$CV1,449,45393,1,0,100.0,-50.0,800.0,0.000000,0.000000,0.000000*21
$CV1,450,45494,1,0,100.0,-50.0,800.0,0.000000,0.000000,0.000000*29
$CV1,451,45595,1,0,100.0,-50.0,800.0,0.000000,0.000000,0.000000*28
$CV1,452,45699,1,0,100.0,-50.0,800.0,0.000000,0.000000,0.000000*24
$CV1,453,45799,1,0,100.0,-50.0,800.0,0.000000,0.000000,0.000000*24
$CV1,454,45900,1,0,100.0,-50.0,800.0,0.000000,0.000000,0.000000*2D
$CV1,455,46001,1,0,100.0,-50.0,800.0,0.000000,0.000000,0.000000*27
$CV1,456,46101,1,0,100.0,-50.0,800.0,0.000000,0.000000,0.000000*25
$CV1,457,46202,1,0,100.0,-50.0,800.0,0.000000,0.000000,0.000000*24
$CV1,458,46303,1,0,100.0,-50.0,800.0,0.000000,0.000000,0.000000*2B
$CV1,459,46406,1,0,100.0,-50.0,800.0,0.000000,0.000000,0.000000*28
$CV1,460,46507,1,0,100.0,-50.0,800.0,0.000000,0.000000,0.000000*22
$CV1,461,46608,1,0,100.0,-50.0,800.0,0.000000,0.000000,0.000000*2F
$CV1,462,46708,1,0,100.0,-50.0,800.0,0.000000,0.000000,0.000000*2D
$CV1,463,46810,1,0,100.0,-50.0,800.0,0.000000,0.000000,0.000000*2A
$CV1,464,46913,1,0,100.0,-50.0,800.0,0.000000,0.000000,0.000000*2F
$CV1,465,47014,1,0,100.0,-50.0,800.0,0.000000,0.000000,0.000000*21
$CV1,466,47115,1,0,100.0,-50.0,800.0,0.000000,0.000000,0.000000*22
$CV1,467,47215,1,0,100.0,-50.0,800.0,0.000000,0.000000,0.000000*20
$CV1,468,47316,1,0,100.0,-50.0,800.0,0.000000,0.000000,0.000000*2D
$CV1,469,47417,1,0,100.0,-50.0,800.0,0.000000,0.000000,0.000000*2A
$CV1,470,47518,1,0,100.0,-50.0,800.0,0.000000,0.000000,0.000000*2C
$CV1,471,47619,1,0,100.0,-50.0,800.0,0.000000,0.000000,0.000000*2F
$CV1,472,47720,1,0,100.0,-50.0,800.0,0.000000,0.000000,0.000000*27
$CV1,473,47821,1,0,100.0,-50.0,800.0,0.000000,0.000000,0.000000*28
$CV1,474,47922,1,0,100.0,-50.0,800.0,0.000000,0.000000,0.000000*2D
$CV1,475,48023,1,0,100.0,-50.0,800.0,0.000000,0.000000,0.000000*2B
$CV1,476,48124,1,0,100.0,-50.0,800.0,0.000000,0.000000,0.000000*2E
$CV1,477,48228,1,0,100.0,-50.0,800.0,0.000000,0.000000,0.000000*20
$CV1,478,48328,1,0,100.0,-50.0,800.0,0.000000,0.000000,0.000000*2E
$CV1,479,48429,1,0,100.0,-50.0,800.0,0.000000,0.000000,0.000000*29
$CV1,480,48530,1,0,100.0,-50.0,800.0,0.000000,0.000000,0.000000*26
$CV1,481,48631,1,0,100.0,-50.0,800.0,0.000000,0.000000,0.000000*25
$CV1,482,48732,1,0,100.0,-50.0,800.0,0.000000,0.000000,0.000000*24
$CV1,483,48832,1,0,100.0,-50.0,800.0,0.000000,0.000000,0.000000*2A
$CV1,484,48933,1,0,100.0,-50.0,800.0,0.000000,0.000000,0.000000*2D
$CV1,485,49034,1,0,100.0,-50.0,800.0,0.000000,0.000000,0.000000*23
$CV1,486,49135,1,0,100.0,-50.0,800.0,0.000000,0.000000,0.000000*20
$CV1,487,49236,1,0,100.0,-50.0,800.0,0.000000,0.000000,0.000000*21
$CV1,488,49337,1,0,100.0,-50.0,800.0,0.000000,0.000000,0.000000*2E
$CV1,489,49438,1,0,100.0,-50.0,800.0,0.000000,0.000000,0.000000*27
$CV1,490,49539,1,0,100.0,-50.0,800.0,0.000000,0.000000,0.000000*2F
$CV1,491,49640,1,0,100.0,-50.0,800.0,0.000000,0.000000,0.000000*23
$CV1,492,49741,1,0,100.0,-50.0,800.0,0.000000,0.000000,0.000000*20
$CV1,493,49842,1,0,100.0,-50.0,800.0,0.000000,0.000000,0.000000*2D
$CV1,494,49943,1,0,100.0,-50.0,800.0,0.000000,0.000000,0.000000*2A
$CV1,495,50044,1,0,100.0,-50.0,800.0,0.000000,0.000000,0.000000*2D
$CV1,496,50145,1,0,100.0,-50.0,800.0,0.000000,0.000000,0.000000*2E
$CV1,497,50246,1,0,100.0,-50.0,800.0,0.000000,0.000000,0.000000*2F
$CV1,498,50347,1,0,100.0,-50.0,800.0,0.000000,0.000000,0.000000*20
$CV1,499,50448,1,0,100.0,-50.0,800.0,0.000000,0.000000,0.000000*29
$CV1,500,50549,1,0,100.0,-50.0,800.0,0.000000,0.000000,0.000000*28
$CV1,501,50650,1,0,100.0,-50.0,800.0,0.000000,0.000000,0.000000*22
$CV1,502,50750,1,0,100.0,-50.0,800.0,0.000000,0.000000,0.000000*20
$CV1,503,50851,1,0,100.0,-50.0,800.0,0.000000,0.000000,0.000000*2F
$CV1,504,50952,1,0,100.0,-50.0,800.0,0.000000,0.000000,0.000000*2A
$CV1,505,51052,0,-1,0.0,0.0,0.0,0.000000,0.000000,0.000000*1F
$CV1,506,51153,0,-1,0.0,0.0,0.0,0.000000,0.000000,0.000000*1C
$CV1,507,51254,0,-1,0.0,0.0,0.0,0.000000,0.000000,0.000000*19
$CV1,508,51354,0,-1,0.0,0.0,0.0,0.000000,0.000000,0.000000*17
$CV1,509,51455,0,-1,0.0,0.0,0.0,0.000000,0.000000,0.000000*10
$CV1,510,51556,0,-1,0.0,0.0,0.0,0.000000,0.000000,0.000000*1A
$CV1,511,51656,0,-1,0.0,0.0,0.0,0.000000,0.000000,0.000000*18
$CV1,512,51757,0,-1,0.0,0.0,0.0,0.000000,0.000000,0.000000*1B
$CV1,513,51858,0,-1,0.0,0.0,0.0,0.000000,0.000000,0.000000*1A
$CV1,514,51959,0,-1,0.0,0.0,0.0,0.000000,0.000000,0.000000*1D
$CV1,515,52060,0,-1,0.0,0.0,0.0,0.000000,0.000000,0.000000*1C
$CV1,516,52161,0,-1,0.0,0.0,0.0,0.000000,0.000000,0.000000*1F
$CV1,517,52261,0,-1,0.0,0.0,0.0,0.000000,0.000000,0.000000*1D
$CV1,518,52362,0,-1,0.0,0.0,0.0,0.000000,0.000000,0.000000*10
$CV1,519,52463,0,-1,0.0,0.0,0.0,0.000000,0.000000,0.000000*17
$CV1,520,52564,0,-1,0.0,0.0,0.0,0.000000,0.000000,0.000000*1B
$CV1,521,52665,0,-1,0.0,0.0,0.0,0.000000,0.000000,0.000000*18
$CV1,522,52766,0,-1,0.0,0.0,0.0,0.000000,0.000000,0.000000*19
$CV1,523,52867,0,-1,0.0,0.0,0.0,0.000000,0.000000,0.000000*16
$CV1,524,52968,0,-1,0.0,0.0,0.0,0.000000,0.000000,0.000000*1F
$CV1,525,53069,1,0,100.0,-50.0,800.0,0.000000,0.000000,0.000000*2B
$CV1,526,53170,1,0,100.0,-50.0,800.0,0.000000,0.000000,0.000000*21
$CV1,527,53271,1,0,100.0,-50.0,800.0,0.000000,0.000000,0.000000*22
$CV1,528,53372,1,0,100.0,-50.0,800.0,0.000000,0.000000,0.000000*2F
$CV1,529,53473,1,0,100.0,-50.0,800.0,0.000000,0.000000,0.000000*28
$CV1,530,53573,1,0,100.0,-50.0,800.0,0.000000,0.000000,0.000000*21
$CV1,531,53674,1,0,100.0,-50.0,800.0,0.000000,0.000000,0.000000*24
$CV1,532,53775,1,0,100.0,-50.0,800.0,0.000000,0.000000,0.000000*27
$CV1,533,53876,1,0,100.0,-50.0,800.0,0.000000,0.000000,0.000000*2A
$CV1,534,53977,1,0,100.0,-50.0,800.0,0.000000,0.000000,0.000000*2D
$CV1,535,54078,1,0,100.0,-50.0,800.0,0.000000,0.000000,0.000000*2D
$CV1,536,54179,1,0,100.0,-50.0,800.0,0.000000,0.000000,0.000000*2E
$CV1,537,54280,1,0,100.0,-50.0,800.0,0.000000,0.000000,0.000000*2A
$CV1,538,54381,1,0,100.0,-50.0,800.0,0.000000,0.000000,0.000000*25
$CV1,539,54482,1,0,100.0,-50.0,800.0,0.000000,0.000000,0.000000*20
$CV1,540,54583,1,0,100.0,-50.0,800.0,0.000000,0.000000,0.000000*2E
$CV1,541,54684,1,0,100.0,-50.0,800.0,0.000000,0.000000,0.000000*2B
$CV1,542,54784,1,0,100.0,-50.0,800.0,0.000000,0.000000,0.000000*29
$CV1,543,54885,1,0,100.0,-50.0,800.0,0.000000,0.000000,0.000000*26
$CV1,544,54986,1,0,100.0,-50.0,800.0,0.000000,0.000000,0.000000*23
$CV1,545,55087,1,0,100.0,-50.0,800.0,0.000000,0.000000,0.000000*2B
$CV1,546,55187,1,0,100.0,-50.0,800.0,0.000000,0.000000,0.000000*29
$CV1,547,55288,1,0,100.0,-50.0,800.0,0.000000,0.000000,0.000000*24
$CV1,548,55389,1,0,100.0,-50.0,800.0,0.000000,0.000000,0.000000*2B
$CV1,549,55490,1,0,100.0,-50.0,800.0,0.000000,0.000000,0.000000*25
$CV1,550,55591,1,0,100.0,-50.0,800.0,0.000000,0.000000,0.000000*2D
$CV1,551,55692,1,0,100.0,-50.0,800.0,0.000000,0.000000,0.000000*2C
$CV1,552,55793,1,0,100.0,-50.0,800.0,0.000000,0.000000,0.000000*2F
$CV1,553,55894,1,0,100.0,-50.0,800.0,0.000000,0.000000,0.000000*26
$CV1,554,55995,1,0,100.0,-50.0,800.0,0.000000,0.000000,0.000000*21
$CV1,555,56096,1,0,100.0,-50.0,800.0,0.000000,0.000000,0.000000*29
$CV1,556,56197,1,0,100.0,-50.0,800.0,0.000000,0.000000,0.000000*2A
$CV1,557,56298,1,0,100.0,-50.0,800.0,0.000000,0.000000,0.000000*27
$CV1,558,56400,1,0,100.0,-50.0,800.0,0.000000,0.000000,0.000000*2F
$CV1,559,56501,1,0,100.0,-50.0,800.0,0.000000,0.000000,0.000000*2E
$CV1,560,56601,1,0,100.0,-50.0,800.0,0.000000,0.000000,0.000000*27
$CV1,561,56703,1,0,100.0,-50.0,800.0,0.000000,0.000000,0.000000*25
$CV1,562,56804,1,0,100.0,-50.0,800.0,0.000000,0.000000,0.000000*2E
$CV1,563,56904,1,0,100.0,-50.0,800.0,0.000000,0.000000,0.000000*2E
$CV1,564,57005,1,0,100.0,-50.0,800.0,0.000000,0.000000,0.000000*20
$CV1,565,57106,1,0,100.0,-50.0,800.0,0.000000,0.000000,0.000000*23
$CV1,566,57207,1,0,100.0,-50.0,800.0,0.000000,0.000000,0.000000*22
$CV1,567,57308,1,0,100.0,-50.0,800.0,0.000000,0.000000,0.000000*2D
$CV1,568,57409,1,0,100.0,-50.0,800.0,0.000000,0.000000,0.000000*24
$CV1,569,57510,1,0,100.0,-50.0,800.0,0.000000,0.000000,0.000000*2C
$CV1,570,57611,1,0,100.0,-50.0,800.0,0.000000,0.000000,0.000000*26
$CV1,571,57712,1,0,100.0,-50.0,800.0,0.000000,0.000000,0.000000*25
$CV1,572,57813,1,0,100.0,-50.0,800.0,0.000000,0.000000,0.000000*28
$CV1,573,57914,1,0,100.0,-50.0,800.0,0.000000,0.000000,0.000000*2F
$CV1,574,58015,1,0,100.0,-50.0,800.0,0.000000,0.000000,0.000000*2F
$CV1,575,58116,1,0,100.0,-50.0,800.0,0.000000,0.000000,0.000000*2C
$CV1,576,58217,1,0,100.0,-50.0,800.0,0.000000,0.000000,0.000000*2D
$CV1,577,58318,1,0,100.0,-50.0,800.0,0.000000,0.000000,0.000000*22
$CV1,578,58419,1,0,100.0,-50.0,800.0,0.000000,0.000000,0.000000*2B
$CV1,579,58520,1,0,100.0,-50.0,800.0,0.000000,0.000000,0.000000*21
$CV1,580,58621,1,0,100.0,-50.0,800.0,0.000000,0.000000,0.000000*25
$CV1,581,58722,1,0,100.0,-50.0,800.0,0.000000,0.000000,0.000000*26
$CV1,582,58823,1,0,100.0,-50.0,800.0,0.000000,0.000000,0.000000*2B
$CV1,583,58924,1,0,100.0,-50.0,800.0,0.000000,0.000000,0.000000*2C
$CV1,584,59025,0,-1,0.0,0.0,0.0,0.000000,0.000000,0.000000*1E
$CV1,585,59126,0,-1,0.0,0.0,0.0,0.000000,0.000000,0.000000*1D
$CV1,586,59227,0,-1,0.0,0.0,0.0,0.000000,0.000000,0.000000*1C
$CV1,587,59328,0,-1,0.0,0.0,0.0,0.000000,0.000000,0.000000*13
$CV1,588,59429,0,-1,0.0,0.0,0.0,0.000000,0.000000,0.000000*1A
$CV1,589,59530,0,-1,0.0,0.0,0.0,0.000000,0.000000,0.000000*12
$CV1,590,59631,0,-1,0.0,0.0,0.0,0.000000,0.000000,0.000000*18
$CV1,591,59732,0,-1,0.0,0.0,0.0,0.000000,0.000000,0.000000*1B
$CV1,592,59833,0,-1,0.0,0.0,0.0,0.000000,0.000000,0.000000*16
$CV1,593,59934,0,-1,0.0,0.0,0.0,0.000000,0.000000,0.000000*11
$CV1,594,60035,0,-1,0.0,0.0,0.0,0.000000,0.000000,0.000000*14
$CV1,595,60137,0,-1,0.0,0.0,0.0,0.000000,0.000000,0.000000*16
$CV1,596,60238,0,-1,0.0,0.0,0.0,0.000000,0.000000,0.000000*19
$CV1,597,60339,0,-1,0.0,0.0,0.0,0.000000,0.000000,0.000000*18
$CV1,598,60440,0,-1,0.0,0.0,0.0,0.000000,0.000000,0.000000*1E
$CV1,599,60541,0,-1,0.0,0.0,0.0,0.000000,0.000000,0.000000*1F
$CV1,600,60642,0,-1,0.0,0.0,0.0,0.000000,0.000000,0.000000*1C
$CV1,601,60743,0,-1,0.0,0.0,0.0,0.000000,0.000000,0.000000*1D
$CV1,602,60843,0,-1,0.0,0.0,0.0,0.000000,0.000000,0.000000*11
$CV1,603,60944,0,-1,0.0,0.0,0.0,0.000000,0.000000,0.000000*16
$CV1,604,61045,1,0,100.0,-50.0,800.0,0.000000,0.000000,0.000000*24
$CV1,605,61146,1,0,100.0,-50.0,800.0,0.000000,0.000000,0.000000*27
$CV1,606,61248,1,0,100.0,-50.0,800.0,0.000000,0.000000,0.000000*29
$CV1,607,61349,1,0,100.0,-50.0,800.0,0.000000,0.000000,0.000000*28
$CV1,608,61451,1,0,100.0,-50.0,800.0,0.000000,0.000000,0.000000*29
$CV1,609,61552,1,0,100.0,-50.0,800.0,0.000000,0.000000,0.000000*2A
$CV1,610,61653,1,0,100.0,-50.0,800.0,0.000000,0.000000,0.000000*20
$CV1,611,61754,1,0,100.0,-50.0,800.0,0.000000,0.000000,0.000000*27
$CV1,612,61855,1,0,100.0,-50.0,800.0,0.000000,0.000000,0.000000*2A
$CV1,613,61956,1,0,100.0,-50.0,800.0,0.000000,0.000000,0.000000*29
$CV1,614,62057,1,0,100.0,-50.0,800.0,0.000000,0.000000,0.000000*25
$CV1,615,62158,1,0,100.0,-50.0,800.0,0.000000,0.000000,0.000000*2A
$CV1,616,62259,1,0,100.0,-50.0,800.0,0.000000,0.000000,0.000000*2B
$CV1,617,62359,1,0,100.0,-50.0,800.0,0.000000,0.000000,0.000000*2B
$CV1,618,62460,1,0,100.0,-50.0,800.0,0.000000,0.000000,0.000000*29
$CV1,619,62561,1,0,100.0,-50.0,800.0,0.000000,0.000000,0.000000*28
$CV1,620,62662,1,0,100.0,-50.0,800.0,0.000000,0.000000,0.000000*22
$CV1,621,62763,1,0,100.0,-50.0,800.0,0.000000,0.000000,0.000000*23
$CV1,622,62863,1,0,100.0,-50.0,800.0,0.000000,0.000000,0.000000*2F
$CV1,623,62964,1,0,100.0,-50.0,800.0,0.000000,0.000000,0.000000*28
$CV1,624,63065,1,0,100.0,-50.0,800.0,0.000000,0.000000,0.000000*26
$CV1,625,63166,1,0,100.0,-50.0,800.0,0.000000,0.000000,0.000000*25
$CV1,626,63267,1,0,100.0,-50.0,800.0,0.000000,0.000000,0.000000*24
$CV1,627,63368,1,0,100.0,-50.0,800.0,0.000000,0.000000,0.000000*2B
$CV1,628,63470,1,0,100.0,-50.0,800.0,0.000000,0.000000,0.000000*2A
$CV1,629,63571,1,0,100.0,-50.0,800.0,0.000000,0.000000,0.000000*2B
$CV1,630,63672,1,0,100.0,-50.0,800.0,0.000000,0.000000,0.000000*23
$CV1,631,63773,1,0,100.0,-50.0,800.0,0.000000,0.000000,0.000000*22
$CV1,632,63874,1,0,100.0,-50.0,800.0,0.000000,0.000000,0.000000*29
$CV1,633,63975,1,0,100.0,-50.0,800.0,0.000000,0.000000,0.000000*28
$CV1,634,64076,1,0,100.0,-50.0,800.0,0.000000,0.000000,0.000000*22
$CV1,635,64177,1,0,100.0,-50.0,800.0,0.000000,0.000000,0.000000*23
$CV1,636,64277,1,0,100.0,-50.0,800.0,0.000000,0.000000,0.000000*23
$CV1,637,64378,1,0,100.0,-50.0,800.0,0.000000,0.000000,0.000000*2C
$CV1,638,64479,1,0,100.0,-50.0,800.0,0.000000,0.000000,0.000000*25
$CV1,639,64580,1,0,100.0,-50.0,800.0,0.000000,0.000000,0.000000*23
$CV1,640,64681,1,0,100.0,-50.0,800.0,0.000000,0.000000,0.000000*2F
$CV1,641,64782,1,0,100.0,-50.0,800.0,0.000000,0.000000,0.000000*2C
$CV1,642,64883,1,0,100.0,-50.0,800.0,0.000000,0.000000,0.000000*21
$CV1,643,64984,1,0,100.0,-50.0,800.0,0.000000,0.000000,0.000000*26
$CV1,644,65085,1,0,100.0,-50.0,800.0,0.000000,0.000000,0.000000*28
$CV1,645,65186,1,0,100.0,-50.0,800.0,0.000000,0.000000,0.000000*2B
$CV1,646,65287,1,0,100.0,-50.0,800.0,0.000000,0.000000,0.000000*2A
$CV1,647,65388,1,0,100.0,-50.0,800.0,0.000000,0.000000,0.000000*25
$CV1,648,65489,1,0,100.0,-50.0,800.0,0.000000,0.000000,0.000000*2C
$CV1,649,65590,1,0,100.0,-50.0,800.0,0.000000,0.000000,0.000000*24
$CV1,650,65691,1,0,100.0,-50.0,800.0,0.000000,0.000000,0.000000*2E
$CV1,651,65792,1,0,100.0,-50.0,800.0,0.000000,0.000000,0.000000*2D
$CV1,652,65893,1,0,100.0,-50.0,800.0,0.000000,0.000000,0.000000*20
$CV1,653,65994,1,0,100.0,-50.0,800.0,0.000000,0.000000,0.000000*27
$CV1,654,66095,1,0,100.0,-50.0,800.0,0.000000,0.000000,0.000000*2B
$CV1,655,66196,1,0,100.0,-50.0,800.0,0.000000,0.000000,0.000000*28
$CV1,656,66297,1,0,100.0,-50.0,800.0,0.000000,0.000000,0.000000*29
$CV1,657,66398,1,0,100.0,-50.0,800.0,0.000000,0.000000,0.000000*26
$CV1,658,66499,1,0,100.0,-50.0,800.0,0.000000,0.000000,0.000000*2F
$CV1,659,66600,1,0,100.0,-50.0,800.0,0.000000,0.000000,0.000000*2C
$CV1,660,66701,1,0,100.0,-50.0,800.0,0.000000,0.000000,0.000000*26
$CV1,661,66802,1,0,100.0,-50.0,800.0,0.000000,0.000000,0.000000*2B
$CV1,662,66903,1,0,100.0,-50.0,800.0,0.000000,0.000000,0.000000*28
$CV1,663,67004,0,-1,0.0,0.0,0.0,0.000000,0.000000,0.000000*1A
$CV1,664,67105,0,-1,0.0,0.0,0.0,0.000000,0.000000,0.000000*1D
$CV1,665,67206,0,-1,0.0,0.0,0.0,0.000000,0.000000,0.000000*1C
$CV1,666,67307,0,-1,0.0,0.0,0.0,0.000000,0.000000,0.000000*1F
$CV1,667,67408,0,-1,0.0,0.0,0.0,0.000000,0.000000,0.000000*16
$CV1,668,67509,0,-1,0.0,0.0,0.0,0.000000,0.000000,0.000000*19
$CV1,669,67610,0,-1,0.0,0.0,0.0,0.000000,0.000000,0.000000*13
$CV1,670,67711,0,-1,0.0,0.0,0.0,0.000000,0.000000,0.000000*1B
$CV1,671,67812,0,-1,0.0,0.0,0.0,0.000000,0.000000,0.000000*16
$CV1,672,67913,0,-1,0.0,0.0,0.0,0.000000,0.000000,0.000000*15
$CV1,673,68014,0,-1,0.0,0.0,0.0,0.000000,0.000000,0.000000*15
$CV1,674,68115,0,-1,0.0,0.0,0.0,0.000000,0.000000,0.000000*12
$CV1,675,68216,0,-1,0.0,0.0,0.0,0.000000,0.000000,0.000000*13
$CV1,676,68317,0,-1,0.0,0.0,0.0,0.000000,0.000000,0.000000*10
$CV1,677,68418,0,-1,0.0,0.0,0.0,0.000000,0.000000,0.000000*19
$CV1,678,68519,0,-1,0.0,0.0,0.0,0.000000,0.000000,0.000000*16
$CV1,679,68620,0,-1,0.0,0.0,0.0,0.000000,0.000000,0.000000*1E
$CV1,680,68721,0,-1,0.0,0.0,0.0,0.000000,0.000000,0.000000*18
$CV1,681,68821,0,-1,0.0,0.0,0.0,0.000000,0.000000,0.000000*16
$CV1,682,68922,0,-1,0.0,0.0,0.0,0.000000,0.000000,0.000000*17
$CV1,683,69023,1,0,100.0,-50.0,800.0,0.000000,0.000000,0.000000*23
$CV1,684,69124,1,0,100.0,-50.0,800.0,0.000000,0.000000,0.000000*22
$CV1,685,69225,1,0,100.0,-50.0,800.0,0.000000,0.000000,0.000000*21
$CV1,686,69326,1,0,100.0,-50.0,800.0,0.000000,0.000000,0.000000*20
$CV1,687,69427,1,0,100.0,-50.0,800.0,0.000000,0.000000,0.000000*27
$CV1,688,69528,1,0,100.0,-50.0,800.0,0.000000,0.000000,0.000000*26
$CV1,689,69629,1,0,100.0,-50.0,800.0,0.000000,0.000000,0.000000*25
$CV1,690,69730,1,0,100.0,-50.0,800.0,0.000000,0.000000,0.000000*24
$CV1,691,69831,1,0,100.0,-50.0,800.0,0.000000,0.000000,0.000000*2B
$CV1,692,69932,1,0,100.0,-50.0,800.0,0.000000,0.000000,0.000000*2A
$CV1,693,70033,1,0,100.0,-50.0,800.0,0.000000,0.000000,0.000000*2B
$CV1,694,70134,1,0,100.0,-50.0,800.0,0.000000,0.000000,0.000000*2A
$CV1,695,70236,1,0,100.0,-50.0,800.0,0.000000,0.000000,0.000000*2A
$CV1,696,70337,1,0,100.0,-50.0,800.0,0.000000,0.000000,0.000000*29
$CV1,697,70438,1,0,100.0,-50.0,800.0,0.000000,0.000000,0.000000*20
$CV1,698,70539,1,0,100.0,-50.0,800.0,0.000000,0.000000,0.000000*2F
$CV1,699,70641,1,0,100.0,-50.0,800.0,0.000000,0.000000,0.000000*22
$CV1,700,70742,1,0,100.0,-50.0,800.0,0.000000,0.000000,0.000000*21
$CV1,701,70843,1,0,100.0,-50.0,800.0,0.000000,0.000000,0.000000*2E
$CV1,702,70944,1,0,100.0,-50.0,800.0,0.000000,0.000000,0.000000*2B
$CV1,703,71045,1,0,100.0,-50.0,800.0,0.000000,0.000000,0.000000*23
$CV1,704,71146,1,0,100.0,-50.0,800.0,0.000000,0.000000,0.000000*26
$CV1,705,71247,1,0,100.0,-50.0,800.0,0.000000,0.000000,0.000000*25
$CV1,706,71348,1,0,100.0,-50.0,800.0,0.000000,0.000000,0.000000*28
$CV1,707,71450,1,0,100.0,-50.0,800.0,0.000000,0.000000,0.000000*27
$CV1,708,71551,1,0,100.0,-50.0,800.0,0.000000,0.000000,0.000000*28
$CV1,709,71652,1,0,100.0,-50.0,800.0,0.000000,0.000000,0.000000*29
$CV1,710,71753,1,0,100.0,-50.0,800.0,0.000000,0.000000,0.000000*21
$CV1,711,71854,1,0,100.0,-50.0,800.0,0.000000,0.000000,0.000000*28
$CV1,712,71955,1,0,100.0,-50.0,800.0,0.000000,0.000000,0.000000*2B
$CV1,713,72056,1,0,100.0,-50.0,800.0,0.000000,0.000000,0.000000*23
$CV1,714,72157,1,0,100.0,-50.0,800.0,0.000000,0.000000,0.000000*24
$CV1,715,72258,1,0,100.0,-50.0,800.0,0.000000,0.000000,0.000000*29
$CV1,716,72359,1,0,100.0,-50.0,800.0,0.000000,0.000000,0.000000*2A
$CV1,717,72460,1,0,100.0,-50.0,800.0,0.000000,0.000000,0.000000*26
$CV1,718,72561,1,0,100.0,-50.0,800.0,0.000000,0.000000,0.000000*29
$CV1,719,72663,1,0,100.0,-50.0,800.0,0.000000,0.000000,0.000000*29
$CV1,720,72764,1,0,100.0,-50.0,800.0,0.000000,0.000000,0.000000*25
$CV1,721,72864,1,0,100.0,-50.0,800.0,0.000000,0.000000,0.000000*2B
$CV1,722,72965,1,0,100.0,-50.0,800.0,0.000000,0.000000,0.000000*28
$CV1,723,73066,1,0,100.0,-50.0,800.0,0.000000,0.000000,0.000000*22
$CV1,724,73167,1,0,100.0,-50.0,800.0,0.000000,0.000000,0.000000*25
$CV1,725,73268,1,0,100.0,-50.0,800.0,0.000000,0.000000,0.000000*28
$CV1,726,73368,1,0,100.0,-50.0,800.0,0.000000,0.000000,0.000000*2A
$CV1,727,73469,1,0,100.0,-50.0,800.0,0.000000,0.000000,0.000000*2D
$CV1,728,73570,1,0,100.0,-50.0,800.0,0.000000,0.000000,0.000000*2B
$CV1,729,73671,1,0,100.0,-50.0,800.0,0.000000,0.000000,0.000000*28
$CV1,730,73772,1,0,100.0,-50.0,800.0,0.000000,0.000000,0.000000*22
$CV1,731,73873,1,0,100.0,-50.0,800.0,0.000000,0.000000,0.000000*2D
$CV1,732,73975,1,0,100.0,-50.0,800.0,0.000000,0.000000,0.000000*29
$CV1,733,74076,1,0,100.0,-50.0,800.0,0.000000,0.000000,0.000000*25
$CV1,734,74177,1,0,100.0,-50.0,800.0,0.000000,0.000000,0.000000*22
$CV1,735,74278,1,0,100.0,-50.0,800.0,0.000000,0.000000,0.000000*2F
$CV1,736,74379,1,0,100.0,-50.0,800.0,0.000000,0.000000,0.000000*2C
$CV1,737,74480,1,0,100.0,-50.0,800.0,0.000000,0.000000,0.000000*2C
$CV1,738,74581,1,0,100.0,-50.0,800.0,0.000000,0.000000,0.000000*23
$CV1,739,74682,1,0,100.0,-50.0,800.0,0.000000,0.000000,0.000000*22
$CV1,740,74783,1,0,100.0,-50.0,800.0,0.000000,0.000000,0.000000*2C
$CV1,741,74884,1,0,100.0,-50.0,800.0,0.000000,0.000000,0.000000*25
$CV1,742,74986,1,0,100.0,-50.0,800.0,0.000000,0.000000,0.000000*25
$CV1,743,75087,0,-1,0.0,0.0,0.0,0.000000,0.000000,0.000000*11
$CV1,744,75187,0,-1,0.0,0.0,0.0,0.000000,0.000000,0.000000*17
$CV1,745,75288,0,-1,0.0,0.0,0.0,0.000000,0.000000,0.000000*1A
$CV1,746,75389,0,-1,0.0,0.0,0.0,0.000000,0.000000,0.000000*19
$CV1,747,75490,0,-1,0.0,0.0,0.0,0.000000,0.000000,0.000000*17
$CV1,748,75591,0,-1,0.0,0.0,0.0,0.000000,0.000000,0.000000*18
$CV1,749,75692,0,-1,0.0,0.0,0.0,0.000000,0.000000,0.000000*19
$CV1,750,75793,0,-1,0.0,0.0,0.0,0.000000,0.000000,0.000000*11
$CV1,751,75894,0,-1,0.0,0.0,0.0,0.000000,0.000000,0.000000*18
$CV1,752,75996,0,-1,0.0,0.0,0.0,0.000000,0.000000,0.000000*18
$CV1,753,76097,0,-1,0.0,0.0,0.0,0.000000,0.000000,0.000000*12
$CV1,754,76198,0,-1,0.0,0.0,0.0,0.000000,0.000000,0.000000*1B
$CV1,755,76299,0,-1,0.0,0.0,0.0,0.000000,0.000000,0.000000*18
$CV1,756,76400,0,-1,0.0,0.0,0.0,0.000000,0.000000,0.000000*1D
$CV1,757,76501,0,-1,0.0,0.0,0.0,0.000000,0.000000,0.000000*1C
$CV1,758,76602,0,-1,0.0,0.0,0.0,0.000000,0.000000,0.000000*13
$CV1,759,76703,0,-1,0.0,0.0,0.0,0.000000,0.000000,0.000000*12
$CV1,760,76804,0,-1,0.0,0.0,0.0,0.000000,0.000000,0.000000*10
$CV1,761,76905,0,-1,0.0,0.0,0.0,0.000000,0.000000,0.000000*11
$CV1,762,77006,1,0,100.0,-50.0,800.0,0.000000,0.000000,0.000000*25
$CV1,763,77106,1,0,100.0,-50.0,800.0,0.000000,0.000000,0.000000*25
$CV1,764,77207,1,0,100.0,-50.0,800.0,0.000000,0.000000,0.000000*20
$CV1,765,77308,1,0,100.0,-50.0,800.0,0.000000,0.000000,0.000000*2F
$CV1,766,77409,1,0,100.0,-50.0,800.0,0.000000,0.000000,0.000000*2A
$CV1,767,77510,1,0,100.0,-50.0,800.0,0.000000,0.000000,0.000000*22
$CV1,768,77611,1,0,100.0,-50.0,800.0,0.000000,0.000000,0.000000*2F
$CV1,769,77711,1,0,100.0,-50.0,800.0,0.000000,0.000000,0.000000*2F
$CV1,770,77812,1,0,100.0,-50.0,800.0,0.000000,0.000000,0.000000*2B
$CV1,771,77913,1,0,100.0,-50.0,800.0,0.000000,0.000000,0.000000*2A
$CV1,772,78014,1,0,100.0,-50.0,800.0,0.000000,0.000000,0.000000*28
$CV1,773,78115,1,0,100.0,-50.0,800.0,0.000000,0.000000,0.000000*29
$CV1,774,78216,1,0,100.0,-50.0,800.0,0.000000,0.000000,0.000000*2E
$CV1,775,78317,1,0,100.0,-50.0,800.0,0.000000,0.000000,0.000000*2F
$CV1,776,78418,1,0,100.0,-50.0,800.0,0.000000,0.000000,0.000000*24
$CV1,777,78519,1,0,100.0,-50.0,800.0,0.000000,0.000000,0.000000*25
$CV1,778,78620,1,0,100.0,-50.0,800.0,0.000000,0.000000,0.000000*23
$CV1,779,78721,1,0,100.0,-50.0,800.0,0.000000,0.000000,0.000000*22
$CV1,780,78822,1,0,100.0,-50.0,800.0,0.000000,0.000000,0.000000*28
$CV1,781,78923,1,0,100.0,-50.0,800.0,0.000000,0.000000,0.000000*29
$CV1,782,79024,1,0,100.0,-50.0,800.0,0.000000,0.000000,0.000000*25
$CV1,783,79125,1,0,100.0,-50.0,800.0,0.000000,0.000000,0.000000*24
$CV1,784,79226,1,0,100.0,-50.0,800.0,0.000000,0.000000,0.000000*23
$CV1,785,79327,1,0,100.0,-50.0,800.0,0.000000,0.000000,0.000000*22
$CV1,786,79428,1,0,100.0,-50.0,800.0,0.000000,0.000000,0.000000*29
$CV1,787,79529,1,0,100.0,-50.0,800.0,0.000000,0.000000,0.000000*28
$CV1,788,79630,1,0,100.0,-50.0,800.0,0.000000,0.000000,0.000000*2C
$CV1,789,79731,1,0,100.0,-50.0,800.0,0.000000,0.000000,0.000000*2D
$CV1,790,79832,1,0,100.0,-50.0,800.0,0.000000,0.000000,0.000000*29
$CV1,791,79933,1,0,100.0,-50.0,800.0,0.000000,0.000000,0.000000*28
$CV1,792,80034,1,0,100.0,-50.0,800.0,0.000000,0.000000,0.000000*23
$CV1,793,80135,1,0,100.0,-50.0,800.0,0.000000,0.000000,0.000000*22
$CV1,794,80236,1,0,100.0,-50.0,800.0,0.000000,0.000000,0.000000*25
$CV1,795,80337,1,0,100.0,-50.0,800.0,0.000000,0.000000,0.000000*24
$CV1,796,80438,1,0,100.0,-50.0,800.0,0.000000,0.000000,0.000000*2F
$CV1,797,80539,1,0,100.0,-50.0,800.0,0.000000,0.000000,0.000000*2E
$CV1,798,80640,1,0,100.0,-50.0,800.0,0.000000,0.000000,0.000000*2C
$CV1,799,80741,1,0,100.0,-50.0,800.0,0.000000,0.000000,0.000000*2D
$CV1,800,80842,1,0,100.0,-50.0,800.0,0.000000,0.000000,0.000000*2E
$CV1,801,80943,1,0,100.0,-50.0,800.0,0.000000,0.000000,0.000000*2F
$CV1,802,81045,1,0,100.0,-50.0,800.0,0.000000,0.000000,0.000000*22
$CV1,803,81146,1,0,100.0,-50.0,800.0,0.000000,0.000000,0.000000*21
$CV1,804,81247,1,0,100.0,-50.0,800.0,0.000000,0.000000,0.000000*24
$CV1,805,81348,1,0,100.0,-50.0,800.0,0.000000,0.000000,0.000000*2B
$CV1,806,81449,1,0,100.0,-50.0,800.0,0.000000,0.000000,0.000000*2E
$CV1,807,81550,1,0,100.0,-50.0,800.0,0.000000,0.000000,0.000000*26
$CV1,808,81651,1,0,100.0,-50.0,800.0,0.000000,0.000000,0.000000*2B
$CV1,809,81752,1,0,100.0,-50.0,800.0,0.000000,0.000000,0.000000*28
$CV1,810,81853,1,0,100.0,-50.0,800.0,0.000000,0.000000,0.000000*2E
$CV1,811,81954,1,0,100.0,-50.0,800.0,0.000000,0.000000,0.000000*29
$CV1,812,82055,1,0,100.0,-50.0,800.0,0.000000,0.000000,0.000000*21
$CV1,813,82156,1,0,100.0,-50.0,800.0,0.000000,0.000000,0.000000*22
$CV1,814,82257,1,0,100.0,-50.0,800.0,0.000000,0.000000,0.000000*27
$CV1,815,82358,1,0,100.0,-50.0,800.0,0.000000,0.000000,0.000000*28
$CV1,816,82459,1,0,100.0,-50.0,800.0,0.000000,0.000000,0.000000*2D
$CV1,817,82560,1,0,100.0,-50.0,800.0,0.000000,0.000000,0.000000*27
$CV1,818,82661,1,0,100.0,-50.0,800.0,0.000000,0.000000,0.000000*2A
$CV1,819,82762,1,0,100.0,-50.0,800.0,0.000000,0.000000,0.000000*29
$CV1,820,82863,1,0,100.0,-50.0,800.0,0.000000,0.000000,0.000000*2D
$CV1,821,82964,1,0,100.0,-50.0,800.0,0.000000,0.000000,0.000000*2A
$CV1,822,83065,0,-1,0.0,0.0,0.0,0.000000,0.000000,0.000000*1C
$CV1,823,83166,0,-1,0.0,0.0,0.0,0.000000,0.000000,0.000000*1F
$CV1,824,83267,0,-1,0.0,0.0,0.0,0.000000,0.000000,0.000000*1A
$CV1,825,83369,0,-1,0.0,0.0,0.0,0.000000,0.000000,0.000000*14
$CV1,826,83470,0,-1,0.0,0.0,0.0,0.000000,0.000000,0.000000*18
$CV1,827,83571,0,-1,0.0,0.0,0.0,0.000000,0.000000,0.000000*19
$CV1,828,83672,0,-1,0.0,0.0,0.0,0.000000,0.000000,0.000000*16
$CV1,829,83772,0,-1,0.0,0.0,0.0,0.000000,0.000000,0.000000*16
$CV1,830,83873,0,-1,0.0,0.0,0.0,0.000000,0.000000,0.000000*10
$CV1,831,83974,0,-1,0.0,0.0,0.0,0.000000,0.000000,0.000000*17
$CV1,832,84075,0,-1,0.0,0.0,0.0,0.000000,0.000000,0.000000*1B
$CV1,833,84176,0,-1,0.0,0.0,0.0,0.000000,0.000000,0.000000*18
$CV1,834,84277,0,-1,0.0,0.0,0.0,0.000000,0.000000,0.000000*1D
$CV1,835,84378,0,-1,0.0,0.0,0.0,0.000000,0.000000,0.000000*12
$CV1,836,84479,0,-1,0.0,0.0,0.0,0.000000,0.000000,0.000000*17
$CV1,837,84580,0,-1,0.0,0.0,0.0,0.000000,0.000000,0.000000*11
$CV1,838,84681,0,-1,0.0,0.0,0.0,0.000000,0.000000,0.000000*1C
$CV1,839,84781,0,-1,0.0,0.0,0.0,0.000000,0.000000,0.000000*1C
$CV1,840,84882,0,-1,0.0,0.0,0.0,0.000000,0.000000,0.000000*1E
$CV1,841,84983,0,-1,0.0,0.0,0.0,0.000000,0.000000,0.000000*1F
$CV1,842,85084,1,0,100.0,-50.0,800.0,0.000000,0.000000,0.000000*2F
$CV1,843,85185,1,0,100.0,-50.0,800.0,0.000000,0.000000,0.000000*2E
$CV1,844,85286,1,0,100.0,-50.0,800.0,0.000000,0.000000,0.000000*29
$CV1,845,85387,1,0,100.0,-50.0,800.0,0.000000,0.000000,0.000000*28
$CV1,846,85488,1,0,100.0,-50.0,800.0,0.000000,0.000000,0.000000*23
$CV1,847,85589,1,0,100.0,-50.0,800.0,0.000000,0.000000,0.000000*22
$CV1,848,85690,1,0,100.0,-50.0,800.0,0.000000,0.000000,0.000000*26
$CV1,849,85791,1,0,100.0,-50.0,800.0,0.000000,0.000000,0.000000*27
$CV1,850,85891,1,0,100.0,-50.0,800.0,0.000000,0.000000,0.000000*20
$CV1,851,85992,1,0,100.0,-50.0,800.0,0.000000,0.000000,0.000000*23
$CV1,852,86093,1,0,100.0,-50.0,800.0,0.000000,0.000000,0.000000*2B
$CV1,853,86194,1,0,100.0,-50.0,800.0,0.000000,0.000000,0.000000*2C
$CV1,854,86295,1,0,100.0,-50.0,800.0,0.000000,0.000000,0.000000*29
$CV1,855,86396,1,0,100.0,-50.0,800.0,0.000000,0.000000,0.000000*2A
$CV1,856,86497,1,0,100.0,-50.0,800.0,0.000000,0.000000,0.000000*2F
$CV1,857,86597,1,0,100.0,-50.0,800.0,0.000000,0.000000,0.000000*2F
$CV1,858,86698,1,0,100.0,-50.0,800.0,0.000000,0.000000,0.000000*2C
$CV1,859,86799,1,0,100.0,-50.0,800.0,0.000000,0.000000,0.000000*2D
$CV1,860,86900,1,0,100.0,-50.0,800.0,0.000000,0.000000,0.000000*29
$CV1,861,87001,1,0,100.0,-50.0,800.0,0.000000,0.000000,0.000000*21
$CV1,862,87102,1,0,100.0,-50.0,800.0,0.000000,0.000000,0.000000*20
$CV1,863,87203,1,0,100.0,-50.0,800.0,0.000000,0.000000,0.000000*23
$CV1,864,87303,1,0,100.0,-50.0,800.0,0.000000,0.000000,0.000000*25
$CV1,865,87404,1,0,100.0,-50.0,800.0,0.000000,0.000000,0.000000*24
$CV1,866,87505,1,0,100.0,-50.0,800.0,0.000000,0.000000,0.000000*27
$CV1,867,87605,1,0,100.0,-50.0,800.0,0.000000,0.000000,0.000000*25
$CV1,868,87706,1,0,100.0,-50.0,800.0,0.000000,0.000000,0.000000*28
$CV1,869,87807,1,0,100.0,-50.0,800.0,0.000000,0.000000,0.000000*27
$CV1,870,87908,1,0,100.0,-50.0,800.0,0.000000,0.000000,0.000000*21
$CV1,871,88009,1,0,100.0,-50.0,800.0,0.000000,0.000000,0.000000*27
$CV1,872,88110,1,0,100.0,-50.0,800.0,0.000000,0.000000,0.000000*2D
$CV1,873,88211,1,0,100.0,-50.0,800.0,0.000000,0.000000,0.000000*2E
$CV1,874,88312,1,0,100.0,-50.0,800.0,0.000000,0.000000,0.000000*2B
$CV1,875,88413,1,0,100.0,-50.0,800.0,0.000000,0.000000,0.000000*2C
$CV1,876,88513,1,0,100.0,-50.0,800.0,0.000000,0.000000,0.000000*2E
$CV1,877,88614,1,0,100.0,-50.0,800.0,0.000000,0.000000,0.000000*2B
$CV1,878,88715,1,0,100.0,-50.0,800.0,0.000000,0.000000,0.000000*24
$CV1,879,88817,1,0,100.0,-50.0,800.0,0.000000,0.000000,0.000000*28
$CV1,880,88917,1,0,100.0,-50.0,800.0,0.000000,0.000000,0.000000*2F
$CV1,881,89018,1,0,100.0,-50.0,800.0,0.000000,0.000000,0.000000*29
$CV1,882,89119,1,0,100.0,-50.0,800.0,0.000000,0.000000,0.000000*2A
$CV1,883,89219,1,0,100.0,-50.0,800.0,0.000000,0.000000,0.000000*28
$CV1,884,89320,1,0,100.0,-50.0,800.0,0.000000,0.000000,0.000000*24
$CV1,885,89421,1,0,100.0,-50.0,800.0,0.000000,0.000000,0.000000*23
$CV1,886,89522,1,0,100.0,-50.0,800.0,0.000000,0.000000,0.000000*22
$CV1,887,89623,1,0,100.0,-50.0,800.0,0.000000,0.000000,0.000000*21
$CV1,888,89724,1,0,100.0,-50.0,800.0,0.000000,0.000000,0.000000*28
$CV1,889,89825,1,0,100.0,-50.0,800.0,0.000000,0.000000,0.000000*27
$CV1,890,89926,1,0,100.0,-50.0,800.0,0.000000,0.000000,0.000000*2D
$CV1,891,90027,1,0,100.0,-50.0,800.0,0.000000,0.000000,0.000000*2C
$CV1,892,90128,1,0,100.0,-50.0,800.0,0.000000,0.000000,0.000000*21
$CV1,893,90229,1,0,100.0,-50.0,800.0,0.000000,0.000000,0.000000*22
$CV1,894,90330,1,0,100.0,-50.0,800.0,0.000000,0.000000,0.000000*2C
$CV1,895,90431,1,0,100.0,-50.0,800.0,0.000000,0.000000,0.000000*2B
$CV1,896,90531,1,0,100.0,-50.0,800.0,0.000000,0.000000,0.000000*29
$CV1,897,90632,1,0,100.0,-50.0,800.0,0.000000,0.000000,0.000000*28
$CV1,898,90733,1,0,100.0,-50.0,800.0,0.000000,0.000000,0.000000*27
$CV1,899,90834,1,0,100.0,-50.0,800.0,0.000000,0.000000,0.000000*2E
$CV1,900,90935,1,0,100.0,-50.0,800.0,0.000000,0.000000,0.000000*2F
$CV1,901,91036,0,-1,0.0,0.0,0.0,0.000000,0.000000,0.000000*19
$CV1,902,91136,0,-1,0.0,0.0,0.0,0.000000,0.000000,0.000000*1B
$CV1,903,91237,0,-1,0.0,0.0,0.0,0.000000,0.000000,0.000000*18
$CV1,904,91338,0,-1,0.0,0.0,0.0,0.000000,0.000000,0.000000*11
$CV1,905,91438,0,-1,0.0,0.0,0.0,0.000000,0.000000,0.000000*17
$CV1,906,91539,0,-1,0.0,0.0,0.0,0.000000,0.000000,0.000000*14
$CV1,907,91642,0,-1,0.0,0.0,0.0,0.000000,0.000000,0.000000*1A
$CV1,908,91743,0,-1,0.0,0.0,0.0,0.000000,0.000000,0.000000*15
$CV1,909,91844,0,-1,0.0,0.0,0.0,0.000000,0.000000,0.000000*1C
$CV1,910,91945,0,-1,0.0,0.0,0.0,0.000000,0.000000,0.000000*14
$CV1,911,92046,0,-1,0.0,0.0,0.0,0.000000,0.000000,0.000000*1C
$CV1,912,92147,0,-1,0.0,0.0,0.0,0.000000,0.000000,0.000000*1F
$CV1,913,92248,0,-1,0.0,0.0,0.0,0.000000,0.000000,0.000000*12
$CV1,914,92349,0,-1,0.0,0.0,0.0,0.000000,0.000000,0.000000*15
$CV1,915,92450,0,-1,0.0,0.0,0.0,0.000000,0.000000,0.000000*1B
$CV1,916,92551,0,-1,0.0,0.0,0.0,0.000000,0.000000,0.000000*18
$CV1,917,92651,0,-1,0.0,0.0,0.0,0.000000,0.000000,0.000000*1A
$CV1,918,92752,0,-1,0.0,0.0,0.0,0.000000,0.000000,0.000000*17
$CV1,919,92853,0,-1,0.0,0.0,0.0,0.000000,0.000000,0.000000*18
$CV1,920,92955,0,-1,0.0,0.0,0.0,0.000000,0.000000,0.000000*15
$CV1,921,93056,1,0,100.0,-50.0,800.0,0.000000,0.000000,0.000000*23
$CV1,922,93157,1,0,100.0,-50.0,800.0,0.000000,0.000000,0.000000*20
$CV1,923,93260,1,0,100.0,-50.0,800.0,0.000000,0.000000,0.000000*26
$CV1,924,93361,1,0,100.0,-50.0,800.0,0.000000,0.000000,0.000000*21
$CV1,925,93462,1,0,100.0,-50.0,800.0,0.000000,0.000000,0.000000*24
$CV1,926,93563,1,0,100.0,-50.0,800.0,0.000000,0.000000,0.000000*27
$CV1,927,93664,1,0,100.0,-50.0,800.0,0.000000,0.000000,0.000000*22
$CV1,928,93765,1,0,100.0,-50.0,800.0,0.000000,0.000000,0.000000*2D
$CV1,929,93866,1,0,100.0,-50.0,800.0,0.000000,0.000000,0.000000*20
$CV1,930,93967,1,0,100.0,-50.0,800.0,0.000000,0.000000,0.000000*28
$CV1,931,94068,1,0,100.0,-50.0,800.0,0.000000,0.000000,0.000000*28
$CV1,932,94169,1,0,100.0,-50.0,800.0,0.000000,0.000000,0.000000*2B
$CV1,933,94270,1,0,100.0,-50.0,800.0,0.000000,0.000000,0.000000*21
$CV1,934,94371,1,0,100.0,-50.0,800.0,0.000000,0.000000,0.000000*26
$CV1,935,94473,1,0,100.0,-50.0,800.0,0.000000,0.000000,0.000000*22
$CV1,936,94574,1,0,100.0,-50.0,800.0,0.000000,0.000000,0.000000*27
$CV1,937,94675,1,0,100.0,-50.0,800.0,0.000000,0.000000,0.000000*24
$CV1,938,94776,1,0,100.0,-50.0,800.0,0.000000,0.000000,0.000000*29
$CV1,939,94877,1,0,100.0,-50.0,800.0,0.000000,0.000000,0.000000*26
$CV1,940,94978,1,0,100.0,-50.0,800.0,0.000000,0.000000,0.000000*26
$CV1,941,95078,1,0,100.0,-50.0,800.0,0.000000,0.000000,0.000000*2F
$CV1,942,95179,1,0,100.0,-50.0,800.0,0.000000,0.000000,0.000000*2C
$CV1,943,95280,1,0,100.0,-50.0,800.0,0.000000,0.000000,0.000000*28
$CV1,944,95381,1,0,100.0,-50.0,800.0,0.000000,0.000000,0.000000*2F
$CV1,945,95482,1,0,100.0,-50.0,800.0,0.000000,0.000000,0.000000*2A
$CV1,946,95583,1,0,100.0,-50.0,800.0,0.000000,0.000000,0.000000*29
$CV1,947,95684,1,0,100.0,-50.0,800.0,0.000000,0.000000,0.000000*2C
$CV1,948,95785,1,0,100.0,-50.0,800.0,0.000000,0.000000,0.000000*23
$CV1,949,95886,1,0,100.0,-50.0,800.0,0.000000,0.000000,0.000000*2E
$CV1,950,95987,1,0,100.0,-50.0,800.0,0.000000,0.000000,0.000000*26
$CV1,951,96088,1,0,100.0,-50.0,800.0,0.000000,0.000000,0.000000*22
$CV1,952,96191,1,0,100.0,-50.0,800.0,0.000000,0.000000,0.000000*28
$CV1,953,96291,1,0,100.0,-50.0,800.0,0.000000,0.000000,0.000000*2A
$CV1,954,96392,1,0,100.0,-50.0,800.0,0.000000,0.000000,0.000000*2F
$CV1,955,96494,1,0,100.0,-50.0,800.0,0.000000,0.000000,0.000000*2F
$CV1,956,96594,1,0,100.0,-50.0,800.0,0.000000,0.000000,0.000000*2D
$CV1,957,96695,1,0,100.0,-50.0,800.0,0.000000,0.000000,0.000000*2E
$CV1,958,96796,1,0,100.0,-50.0,800.0,0.000000,0.000000,0.000000*23
$CV1,959,96898,1,0,100.0,-50.0,800.0,0.000000,0.000000,0.000000*23
$CV1,960,97000,1,0,100.0,-50.0,800.0,0.000000,0.000000,0.000000*21
$CV1,961,97100,1,0,100.0,-50.0,800.0,0.000000,0.000000,0.000000*21
$CV1,962,97201,1,0,100.0,-50.0,800.0,0.000000,0.000000,0.000000*20
$CV1,963,97302,1,0,100.0,-50.0,800.0,0.000000,0.000000,0.000000*23
$CV1,964,97403,1,0,100.0,-50.0,800.0,0.000000,0.000000,0.000000*22
$CV1,965,97504,1,0,100.0,-50.0,800.0,0.000000,0.000000,0.000000*25
$CV1,966,97604,1,0,100.0,-50.0,800.0,0.000000,0.000000,0.000000*25
$CV1,967,97705,1,0,100.0,-50.0,800.0,0.000000,0.000000,0.000000*24
$CV1,968,97806,1,0,100.0,-50.0,800.0,0.000000,0.000000,0.000000*27
$CV1,969,97907,1,0,100.0,-50.0,800.0,0.000000,0.000000,0.000000*26
$CV1,970,98008,1,0,100.0,-50.0,800.0,0.000000,0.000000,0.000000*27
$CV1,971,98109,1,0,100.0,-50.0,800.0,0.000000,0.000000,0.000000*26
$CV1,972,98210,1,0,100.0,-50.0,800.0,0.000000,0.000000,0.000000*2E
$CV1,973,98312,1,0,100.0,-50.0,800.0,0.000000,0.000000,0.000000*2C
$CV1,974,98414,1,0,100.0,-50.0,800.0,0.000000,0.000000,0.000000*2A
$CV1,975,98514,1,0,100.0,-50.0,800.0,0.000000,0.000000,0.000000*2A
$CV1,976,98615,1,0,100.0,-50.0,800.0,0.000000,0.000000,0.000000*2B
$CV1,977,98715,1,0,100.0,-50.0,800.0,0.000000,0.000000,0.000000*2B
$CV1,978,98816,1,0,100.0,-50.0,800.0,0.000000,0.000000,0.000000*28
$CV1,979,98917,1,0,100.0,-50.0,800.0,0.000000,0.000000,0.000000*29
$CV1,980,99018,0,-1,0.0,0.0,0.0,0.000000,0.000000,0.000000*14
$CV1,981,99119,0,-1,0.0,0.0,0.0,0.000000,0.000000,0.000000*15
$CV1,982,99225,0,-1,0.0,0.0,0.0,0.000000,0.000000,0.000000*1A
$CV1,983,99326,0,-1,0.0,0.0,0.0,0.000000,0.000000,0.000000*19
$CV1,984,99427,0,-1,0.0,0.0,0.0,0.000000,0.000000,0.000000*18
$CV1,985,99528,0,-1,0.0,0.0,0.0,0.000000,0.000000,0.000000*17
$CV1,986,99629,0,-1,0.0,0.0,0.0,0.000000,0.000000,0.000000*16
$CV1,987,99729,0,-1,0.0,0.0,0.0,0.000000,0.000000,0.000000*16
$CV1,988,99830,0,-1,0.0,0.0,0.0,0.000000,0.000000,0.000000*1E
$CV1,989,99931,0,-1,0.0,0.0,0.0,0.000000,0.000000,0.000000*1F
$CV1,990,100032,0,-1,0.0,0.0,0.0,0.000000,0.000000,0.000000*2C
$CV1,991,100133,0,-1,0.0,0.0,0.0,0.000000,0.000000,0.000000*2D
$CV1,992,100235,0,-1,0.0,0.0,0.0,0.000000,0.000000,0.000000*2B
$CV1,993,100335,0,-1,0.0,0.0,0.0,0.000000,0.000000,0.000000*2B
$CV1,994,100436,0,-1,0.0,0.0,0.0,0.000000,0.000000,0.000000*28
$CV1,995,100537,0,-1,0.0,0.0,0.0,0.000000,0.000000,0.000000*29
$CV1,996,100640,0,-1,0.0,0.0,0.0,0.000000,0.000000,0.000000*29
$CV1,997,100741,0,-1,0.0,0.0,0.0,0.000000,0.000000,0.000000*28
$CV1,998,100841,0,-1,0.0,0.0,0.0,0.000000,0.000000,0.000000*28
$CV1,999,100942,0,-1,0.0,0.0,0.0,0.000000,0.000000,0.000000*2B
$CV1,1000,101043,1,0,100.0,-50.0,800.0,0.000000,0.000000,0.000000*26
$CV1,1001,101144,1,0,100.0,-50.0,800.0,0.000000,0.000000,0.000000*21
$CV1,1002,101247,1,0,100.0,-50.0,800.0,0.000000,0.000000,0.000000*22
$CV1,1003,101348,1,0,100.0,-50.0,800.0,0.000000,0.000000,0.000000*2D
$CV1,1004,101449,1,0,100.0,-50.0,800.0,0.000000,0.000000,0.000000*2C
$CV1,1005,101550,1,0,100.0,-50.0,800.0,0.000000,0.000000,0.000000*24
$CV1,1006,101651,1,0,100.0,-50.0,800.0,0.000000,0.000000,0.000000*25
$CV1,1007,101755,1,0,100.0,-50.0,800.0,0.000000,0.000000,0.000000*21
$CV1,1008,101856,1,0,100.0,-50.0,800.0,0.000000,0.000000,0.000000*22
$CV1,1009,101957,1,0,100.0,-50.0,800.0,0.000000,0.000000,0.000000*23
$CV1,1010,102058,1,0,100.0,-50.0,800.0,0.000000,0.000000,0.000000*2E
$CV1,1011,102159,1,0,100.0,-50.0,800.0,0.000000,0.000000,0.000000*2F
$CV1,1012,102260,1,0,100.0,-50.0,800.0,0.000000,0.000000,0.000000*25
$CV1,1013,102361,1,0,100.0,-50.0,800.0,0.000000,0.000000,0.000000*24
$CV1,1014,102462,1,0,100.0,-50.0,800.0,0.000000,0.000000,0.000000*27
$CV1,1015,102563,1,0,100.0,-50.0,800.0,0.000000,0.000000,0.000000*26
$CV1,1016,102664,1,0,100.0,-50.0,800.0,0.000000,0.000000,0.000000*21
$CV1,1017,102765,1,0,100.0,-50.0,800.0,0.000000,0.000000,0.000000*20
$CV1,1018,102866,1,0,100.0,-50.0,800.0,0.000000,0.000000,0.000000*23
$CV1,1019,102967,1,0,100.0,-50.0,800.0,0.000000,0.000000,0.000000*22
$CV1,1020,103068,1,0,100.0,-50.0,800.0,0.000000,0.000000,0.000000*2F
$CV1,1021,103169,1,0,100.0,-50.0,800.0,0.000000,0.000000,0.000000*2E
$CV1,1022,103270,1,0,100.0,-50.0,800.0,0.000000,0.000000,0.000000*26
$CV1,1023,103371,1,0,100.0,-50.0,800.0,0.000000,0.000000,0.000000*27
$CV1,1024,103472,1,0,100.0,-50.0,800.0,0.000000,0.000000,0.000000*24
$CV1,1025,103573,1,0,100.0,-50.0,800.0,0.000000,0.000000,0.000000*25
$CV1,1026,103674,1,0,100.0,-50.0,800.0,0.000000,0.000000,0.000000*22
$CV1,1027,103775,1,0,100.0,-50.0,800.0,0.000000,0.000000,0.000000*23
$CV1,1028,103876,1,0,100.0,-50.0,800.0,0.000000,0.000000,0.000000*20
$CV1,1029,103977,1,0,100.0,-50.0,800.0,0.000000,0.000000,0.000000*21
$CV1,1030,104078,1,0,100.0,-50.0,800.0,0.000000,0.000000,0.000000*28
$CV1,1031,104179,1,0,100.0,-50.0,800.0,0.000000,0.000000,0.000000*29
$CV1,1032,104280,1,0,100.0,-50.0,800.0,0.000000,0.000000,0.000000*2F
$CV1,1033,104381,1,0,100.0,-50.0,800.0,0.000000,0.000000,0.000000*2E
$CV1,1034,104483,1,0,100.0,-50.0,800.0,0.000000,0.000000,0.000000*2C
$CV1,1035,104583,1,0,100.0,-50.0,800.0,0.000000,0.000000,0.000000*2C
$CV1,1036,104685,1,0,100.0,-50.0,800.0,0.000000,0.000000,0.000000*2A
$CV1,1037,104786,1,0,100.0,-50.0,800.0,0.000000,0.000000,0.000000*29
$CV1,1038,104887,1,0,100.0,-50.0,800.0,0.000000,0.000000,0.000000*28
$CV1,1039,104988,1,0,100.0,-50.0,800.0,0.000000,0.000000,0.000000*27
$CV1,1040,105089,1,0,100.0,-50.0,800.0,0.000000,0.000000,0.000000*20
$CV1,1041,105190,1,0,100.0,-50.0,800.0,0.000000,0.000000,0.000000*28
$CV1,1042,105291,1,0,100.0,-50.0,800.0,0.000000,0.000000,0.000000*29
$CV1,1043,105392,1,0,100.0,-50.0,800.0,0.000000,0.000000,0.000000*2A
$CV1,1044,105493,1,0,100.0,-50.0,800.0,0.000000,0.000000,0.000000*2B
$CV1,1045,105594,1,0,100.0,-50.0,800.0,0.000000,0.000000,0.000000*2C
$CV1,1046,105695,1,0,100.0,-50.0,800.0,0.000000,0.000000,0.000000*2D
$CV1,1047,105796,1,0,100.0,-50.0,800.0,0.000000,0.000000,0.000000*2E
$CV1,1048,105897,1,0,100.0,-50.0,800.0,0.000000,0.000000,0.000000*2F
$CV1,1049,105998,1,0,100.0,-50.0,800.0,0.000000,0.000000,0.000000*20
$CV1,1050,106099,1,0,100.0,-50.0,800.0,0.000000,0.000000,0.000000*23
$CV1,1051,106200,1,0,100.0,-50.0,800.0,0.000000,0.000000,0.000000*20
$CV1,1052,106301,1,0,100.0,-50.0,800.0,0.000000,0.000000,0.000000*23
$CV1,1053,106402,1,0,100.0,-50.0,800.0,0.000000,0.000000,0.000000*26
$CV1,1054,106503,1,0,100.0,-50.0,800.0,0.000000,0.000000,0.000000*21
$CV1,1055,106603,1,0,100.0,-50.0,800.0,0.000000,0.000000,0.000000*23
$CV1,1056,106704,1,0,100.0,-50.0,800.0,0.000000,0.000000,0.000000*26
$CV1,1057,106805,1,0,100.0,-50.0,800.0,0.000000,0.000000,0.000000*29
$CV1,1058,106906,1,0,100.0,-50.0,800.0,0.000000,0.000000,0.000000*24
$CV1,1059,107007,0,-1,0.0,0.0,0.0,0.000000,0.000000,0.000000*10
$CV1,1060,107108,0,-1,0.0,0.0,0.0,0.000000,0.000000,0.000000*14
$CV1,1061,107209,0,-1,0.0,0.0,0.0,0.000000,0.000000,0.000000*17
$CV1,1062,107310,0,-1,0.0,0.0,0.0,0.000000,0.000000,0.000000*1D
$CV1,1063,107411,0,-1,0.0,0.0,0.0,0.000000,0.000000,0.000000*1A
$CV1,1064,107512,0,-1,0.0,0.0,0.0,0.000000,0.000000,0.000000*1F
$CV1,1065,107613,0,-1,0.0,0.0,0.0,0.000000,0.000000,0.000000*1C
$CV1,1066,107714,0,-1,0.0,0.0,0.0,0.000000,0.000000,0.000000*19
$CV1,1067,107815,0,-1,0.0,0.0,0.0,0.000000,0.000000,0.000000*16
$CV1,1068,107916,0,-1,0.0,0.0,0.0,0.000000,0.000000,0.000000*1B
$CV1,1069,108017,0,-1,0.0,0.0,0.0,0.000000,0.000000,0.000000*1D
$CV1,1070,108118,0,-1,0.0,0.0,0.0,0.000000,0.000000,0.000000*1B
$CV1,1071,108218,0,-1,0.0,0.0,0.0,0.000000,0.000000,0.000000*19
$CV1,1072,108319,0,-1,0.0,0.0,0.0,0.000000,0.000000,0.000000*1A
$CV1,1073,108420,0,-1,0.0,0.0,0.0,0.000000,0.000000,0.000000*16
$CV1,1074,108521,0,-1,0.0,0.0,0.0,0.000000,0.000000,0.000000*11
$CV1,1075,108622,0,-1,0.0,0.0,0.0,0.000000,0.000000,0.000000*10
$CV1,1076,108724,0,-1,0.0,0.0,0.0,0.000000,0.000000,0.000000*14
$CV1,1077,108825,0,-1,0.0,0.0,0.0,0.000000,0.000000,0.000000*1B
$CV1,1078,108926,0,-1,0.0,0.0,0.0,0.000000,0.000000,0.000000*16
$CV1,1079,109028,1,0,100.0,-50.0,800.0,0.000000,0.000000,0.000000*2D
$CV1,1080,109129,1,0,100.0,-50.0,800.0,0.000000,0.000000,0.000000*2B
$CV1,1081,109230,1,0,100.0,-50.0,800.0,0.000000,0.000000,0.000000*21
$CV1,1082,109332,1,0,100.0,-50.0,800.0,0.000000,0.000000,0.000000*21
$CV1,1083,109434,1,0,100.0,-50.0,800.0,0.000000,0.000000,0.000000*21
$CV1,1084,109535,1,0,100.0,-50.0,800.0,0.000000,0.000000,0.000000*26
$CV1,1085,109636,1,0,100.0,-50.0,800.0,0.000000,0.000000,0.000000*27
$CV1,1086,109737,1,0,100.0,-50.0,800.0,0.000000,0.000000,0.000000*24
$CV1,1087,109838,1,0,100.0,-50.0,800.0,0.000000,0.000000,0.000000*25
$CV1,1088,109939,1,0,100.0,-50.0,800.0,0.000000,0.000000,0.000000*2A
$CV1,1089,110040,1,0,100.0,-50.0,800.0,0.000000,0.000000,0.000000*24
$CV1,1090,110141,1,0,100.0,-50.0,800.0,0.000000,0.000000,0.000000*2C
$CV1,1091,110242,1,0,100.0,-50.0,800.0,0.000000,0.000000,0.000000*2D
$CV1,1092,110345,1,0,100.0,-50.0,800.0,0.000000,0.000000,0.000000*28
$CV1,1093,110446,1,0,100.0,-50.0,800.0,0.000000,0.000000,0.000000*2D
$CV1,1094,110547,1,0,100.0,-50.0,800.0,0.000000,0.000000,0.000000*2A
$CV1,1095,110648,1,0,100.0,-50.0,800.0,0.000000,0.000000,0.000000*27
$CV1,1096,110749,1,0,100.0,-50.0,800.0,0.000000,0.000000,0.000000*24
$CV1,1097,110850,1,0,100.0,-50.0,800.0,0.000000,0.000000,0.000000*22
$CV1,1098,110951,1,0,100.0,-50.0,800.0,0.000000,0.000000,0.000000*2D
$CV1,1099,111052,1,0,100.0,-50.0,800.0,0.000000,0.000000,0.000000*27
$CV1,1100,111153,1,0,100.0,-50.0,800.0,0.000000,0.000000,0.000000*26
$CV1,1101,111254,1,0,100.0,-50.0,800.0,0.000000,0.000000,0.000000*23
$CV1,1102,111355,1,0,100.0,-50.0,800.0,0.000000,0.000000,0.000000*20
$CV1,1103,111456,1,0,100.0,-50.0,800.0,0.000000,0.000000,0.000000*25
$CV1,1104,111557,1,0,100.0,-50.0,800.0,0.000000,0.000000,0.000000*22
$CV1,1105,111657,1,0,100.0,-50.0,800.0,0.000000,0.000000,0.000000*20
$CV1,1106,111759,1,0,100.0,-50.0,800.0,0.000000,0.000000,0.000000*2C
$CV1,1107,111860,1,0,100.0,-50.0,800.0,0.000000,0.000000,0.000000*28
$CV1,1108,111961,1,0,100.0,-50.0,800.0,0.000000,0.000000,0.000000*27
$CV1,1109,112062,1,0,100.0,-50.0,800.0,0.000000,0.000000,0.000000*2F
$CV1,1110,112162,1,0,100.0,-50.0,800.0,0.000000,0.000000,0.000000*26
$CV1,1111,112263,1,0,100.0,-50.0,800.0,0.000000,0.000000,0.000000*25
$CV1,1112,112364,1,0,100.0,-50.0,800.0,0.000000,0.000000,0.000000*20
$CV1,1113,112465,1,0,100.0,-50.0,800.0,0.000000,0.000000,0.000000*27
$CV1,1114,112566,1,0,100.0,-50.0,800.0,0.000000,0.000000,0.000000*22
$CV1,1115,112667,1,0,100.0,-50.0,800.0,0.000000,0.000000,0.000000*21
$CV1,1116,112768,1,0,100.0,-50.0,800.0,0.000000,0.000000,0.000000*2C
$CV1,1117,112869,1,0,100.0,-50.0,800.0,0.000000,0.000000,0.000000*23
$CV1,1118,112970,1,0,100.0,-50.0,800.0,0.000000,0.000000,0.000000*25
$CV1,1119,113071,1,0,100.0,-50.0,800.0,0.000000,0.000000,0.000000*2D
$CV1,1120,113173,1,0,100.0,-50.0,800.0,0.000000,0.000000,0.000000*24
$CV1,1121,113274,1,0,100.0,-50.0,800.0,0.000000,0.000000,0.000000*21
$CV1,1122,113375,1,0,100.0,-50.0,800.0,0.000000,0.000000,0.000000*22
$CV1,1123,113476,1,0,100.0,-50.0,800.0,0.000000,0.000000,0.000000*27
$CV1,1124,113577,1,0,100.0,-50.0,800.0,0.000000,0.000000,0.000000*20
$CV1,1125,113678,1,0,100.0,-50.0,800.0,0.000000,0.000000,0.000000*2D
$CV1,1126,113780,1,0,100.0,-50.0,800.0,0.000000,0.000000,0.000000*28
$CV1,1127,113881,1,0,100.0,-50.0,800.0,0.000000,0.000000,0.000000*27
$CV1,1128,113982,1,0,100.0,-50.0,800.0,0.000000,0.000000,0.000000*2A
$CV1,1129,114083,1,0,100.0,-50.0,800.0,0.000000,0.000000,0.000000*24
$CV1,1130,114184,1,0,100.0,-50.0,800.0,0.000000,0.000000,0.000000*2A
$CV1,1131,114285,1,0,100.0,-50.0,800.0,0.000000,0.000000,0.000000*29
$CV1,1132,114387,1,0,100.0,-50.0,800.0,0.000000,0.000000,0.000000*29
$CV1,1133,114488,1,0,100.0,-50.0,800.0,0.000000,0.000000,0.000000*20
$CV1,1134,114589,1,0,100.0,-50.0,800.0,0.000000,0.000000,0.000000*27
$CV1,1135,114690,1,0,100.0,-50.0,800.0,0.000000,0.000000,0.000000*2D
$CV1,1136,114791,1,0,100.0,-50.0,800.0,0.000000,0.000000,0.000000*2E
$CV1,1137,114893,1,0,100.0,-50.0,800.0,0.000000,0.000000,0.000000*22
$CV1,1138,114994,1,0,100.0,-50.0,800.0,0.000000,0.000000,0.000000*2B
$CV1,1139,115095,0,-1,0.0,0.0,0.0,0.000000,0.000000,0.000000*1F
$CV1,1140,115196,0,-1,0.0,0.0,0.0,0.000000,0.000000,0.000000*13
$CV1,1141,115297,0,-1,0.0,0.0,0.0,0.000000,0.000000,0.000000*10
$CV1,1142,115398,0,-1,0.0,0.0,0.0,0.000000,0.000000,0.000000*1D
$CV1,1143,115499,0,-1,0.0,0.0,0.0,0.000000,0.000000,0.000000*1A
$CV1,1144,115600,0,-1,0.0,0.0,0.0,0.000000,0.000000,0.000000*1F
$CV1,1145,115701,0,-1,0.0,0.0,0.0,0.000000,0.000000,0.000000*1E
$CV1,1146,115802,0,-1,0.0,0.0,0.0,0.000000,0.000000,0.000000*11
$CV1,1147,115903,0,-1,0.0,0.0,0.0,0.000000,0.000000,0.000000*10
$CV1,1148,116004,0,-1,0.0,0.0,0.0,0.000000,0.000000,0.000000*12
$CV1,1149,116105,0,-1,0.0,0.0,0.0,0.000000,0.000000,0.000000*13
$CV1,1150,116206,0,-1,0.0,0.0,0.0,0.000000,0.000000,0.000000*1B
$CV1,1151,116307,0,-1,0.0,0.0,0.0,0.000000,0.000000,0.000000*1A
$CV1,1152,116408,0,-1,0.0,0.0,0.0,0.000000,0.000000,0.000000*11
$CV1,1153,116509,0,-1,0.0,0.0,0.0,0.000000,0.000000,0.000000*10
$CV1,1154,116610,0,-1,0.0,0.0,0.0,0.000000,0.000000,0.000000*1C
$CV1,1155,116711,0,-1,0.0,0.0,0.0,0.000000,0.000000,0.000000*1D
$CV1,1156,116811,0,-1,0.0,0.0,0.0,0.000000,0.000000,0.000000*11
$CV1,1157,116912,0,-1,0.0,0.0,0.0,0.000000,0.000000,0.000000*12
$CV1,1158,117013,1,0,100.0,-50.0,800.0,0.000000,0.000000,0.000000*28
$CV1,1159,117114,1,0,100.0,-50.0,800.0,0.000000,0.000000,0.000000*2F
$CV1,1160,117215,1,0,100.0,-50.0,800.0,0.000000,0.000000,0.000000*27
$CV1,1161,117316,1,0,100.0,-50.0,800.0,0.000000,0.000000,0.000000*24
$CV1,1162,117417,1,0,100.0,-50.0,800.0,0.000000,0.000000,0.000000*21
$CV1,1163,117518,1,0,100.0,-50.0,800.0,0.000000,0.000000,0.000000*2E
$CV1,1164,117619,1,0,100.0,-50.0,800.0,0.000000,0.000000,0.000000*2B
$CV1,1165,117720,1,0,100.0,-50.0,800.0,0.000000,0.000000,0.000000*21
$CV1,1166,117821,1,0,100.0,-50.0,800.0,0.000000,0.000000,0.000000*2C
$CV1,1167,117922,1,0,100.0,-50.0,800.0,0.000000,0.000000,0.000000*2F
$CV1,1168,118023,1,0,100.0,-50.0,800.0,0.000000,0.000000,0.000000*27
$CV1,1169,118124,1,0,100.0,-50.0,800.0,0.000000,0.000000,0.000000*20
$CV1,1170,118225,1,0,100.0,-50.0,800.0,0.000000,0.000000,0.000000*2A
$CV1,1171,118326,1,0,100.0,-50.0,800.0,0.000000,0.000000,0.000000*29
$CV1,1172,118427,1,0,100.0,-50.0,800.0,0.000000,0.000000,0.000000*2C
$CV1,1173,118528,1,0,100.0,-50.0,800.0,0.000000,0.000000,0.000000*23
$CV1,1174,118629,1,0,100.0,-50.0,800.0,0.000000,0.000000,0.000000*26
$CV1,1175,118730,1,0,100.0,-50.0,800.0,0.000000,0.000000,0.000000*2E
$CV1,1176,118831,1,0,100.0,-50.0,800.0,0.000000,0.000000,0.000000*23
$CV1,1177,118932,1,0,100.0,-50.0,800.0,0.000000,0.000000,0.000000*20
$CV1,1178,119033,1,0,100.0,-50.0,800.0,0.000000,0.000000,0.000000*26
$CV1,1179,119134,1,0,100.0,-50.0,800.0,0.000000,0.000000,0.000000*21
$CV1,1180,119235,1,0,100.0,-50.0,800.0,0.000000,0.000000,0.000000*25
$CV1,1181,119336,1,0,100.0,-50.0,800.0,0.000000,0.000000,0.000000*26
$CV1,1182,119437,1,0,100.0,-50.0,800.0,0.000000,0.000000,0.000000*23
$CV1,1183,119538,1,0,100.0,-50.0,800.0,0.000000,0.000000,0.000000*2C
$CV1,1184,119639,1,0,100.0,-50.0,800.0,0.000000,0.000000,0.000000*29
$CV1,1185,119740,1,0,100.0,-50.0,800.0,0.000000,0.000000,0.000000*27
$CV1,1186,119841,1,0,100.0,-50.0,800.0,0.000000,0.000000,0.000000*2A
$CV1,1187,119942,1,0,100.0,-50.0,800.0,0.000000,0.000000,0.000000*29
$CV1,1188,120043,1,0,100.0,-50.0,800.0,0.000000,0.000000,0.000000*24
$CV1,1189,120144,1,0,100.0,-50.0,800.0,0.000000,0.000000,0.000000*23
$CV1,1190,120245,1,0,100.0,-50.0,800.0,0.000000,0.000000,0.000000*29
$CV1,1191,120346,1,0,100.0,-50.0,800.0,0.000000,0.000000,0.000000*2A
$CV1,1192,120447,1,0,100.0,-50.0,800.0,0.000000,0.000000,0.000000*2F
$CV1,1193,120548,1,0,100.0,-50.0,800.0,0.000000,0.000000,0.000000*20
$CV1,1194,120649,1,0,100.0,-50.0,800.0,0.000000,0.000000,0.000000*25
$CV1,1195,120750,1,0,100.0,-50.0,800.0,0.000000,0.000000,0.000000*2D
$CV1,1196,120851,1,0,100.0,-50.0,800.0,0.000000,0.000000,0.000000*20
$CV1,1197,120952,1,0,100.0,-50.0,800.0,0.000000,0.000000,0.000000*23
$CV1,1198,121053,1,0,100.0,-50.0,800.0,0.000000,0.000000,0.000000*25
$CV1,1199,121154,1,0,100.0,-50.0,800.0,0.000000,0.000000,0.000000*22
$CV1,1200,121255,1,0,100.0,-50.0,800.0,0.000000,0.000000,0.000000*23
$CV1,1201,121356,1,0,100.0,-50.0,800.0,0.000000,0.000000,0.000000*20
$CV1,1202,121457,1,0,100.0,-50.0,800.0,0.000000,0.000000,0.000000*25
$CV1,1203,121558,1,0,100.0,-50.0,800.0,0.000000,0.000000,0.000000*2A
$CV1,1204,121659,1,0,100.0,-50.0,800.0,0.000000,0.000000,0.000000*2F
$CV1,1205,121760,1,0,100.0,-50.0,800.0,0.000000,0.000000,0.000000*25
$CV1,1206,121861,1,0,100.0,-50.0,800.0,0.000000,0.000000,0.000000*28
$CV1,1207,121962,1,0,100.0,-50.0,800.0,0.000000,0.000000,0.000000*2B
$CV1,1208,122063,1,0,100.0,-50.0,800.0,0.000000,0.000000,0.000000*2F
$CV1,1209,122164,1,0,100.0,-50.0,800.0,0.000000,0.000000,0.000000*28
$CV1,1210,122267,1,0,100.0,-50.0,800.0,0.000000,0.000000,0.000000*20
$CV1,1211,122368,1,0,100.0,-50.0,800.0,0.000000,0.000000,0.000000*2F
$CV1,1212,122469,1,0,100.0,-50.0,800.0,0.000000,0.000000,0.000000*2A
$CV1,1213,122570,1,0,100.0,-50.0,800.0,0.000000,0.000000,0.000000*22
$CV1,1214,122671,1,0,100.0,-50.0,800.0,0.000000,0.000000,0.000000*27
$CV1,1215,122772,1,0,100.0,-50.0,800.0,0.000000,0.000000,0.000000*24
$CV1,1216,122875,1,0,100.0,-50.0,800.0,0.000000,0.000000,0.000000*2F
$CV1,1217,122976,1,0,100.0,-50.0,800.0,0.000000,0.000000,0.000000*2C
$CV1,1218,123077,0,-1,0.0,0.0,0.0,0.000000,0.000000,0.000000*16
$CV1,1219,123177,0,-1,0.0,0.0,0.0,0.000000,0.000000,0.000000*16
$CV1,1220,123278,0,-1,0.0,0.0,0.0,0.000000,0.000000,0.000000*10
$CV1,1221,123382,0,-1,0.0,0.0,0.0,0.000000,0.000000,0.000000*15
$CV1,1222,123483,0,-1,0.0,0.0,0.0,0.000000,0.000000,0.000000*10
$CV1,1223,123584,0,-1,0.0,0.0,0.0,0.000000,0.000000,0.000000*17
$CV1,1224,123685,0,-1,0.0,0.0,0.0,0.000000,0.000000,0.000000*12
$CV1,1225,123786,0,-1,0.0,0.0,0.0,0.000000,0.000000,0.000000*11
$CV1,1226,123887,0,-1,0.0,0.0,0.0,0.000000,0.000000,0.000000*1C
$CV1,1227,123988,0,-1,0.0,0.0,0.0,0.000000,0.000000,0.000000*13
$CV1,1228,124090,0,-1,0.0,0.0,0.0,0.000000,0.000000,0.000000*1B
$CV1,1229,124191,0,-1,0.0,0.0,0.0,0.000000,0.000000,0.000000*1A
$CV1,1230,124292,0,-1,0.0,0.0,0.0,0.000000,0.000000,0.000000*12
$CV1,1231,124393,0,-1,0.0,0.0,0.0,0.000000,0.000000,0.000000*13
$CV1,1232,124494,0,-1,0.0,0.0,0.0,0.000000,0.000000,0.000000*10
$CV1,1233,124595,0,-1,0.0,0.0,0.0,0.000000,0.000000,0.000000*11
$CV1,1234,124697,0,-1,0.0,0.0,0.0,0.000000,0.000000,0.000000*17
$CV1,1235,124798,0,-1,0.0,0.0,0.0,0.000000,0.000000,0.000000*18
$CV1,1236,124899,0,-1,0.0,0.0,0.0,0.000000,0.000000,0.000000*15
$CV1,1237,125000,1,0,100.0,-50.0,800.0,0.000000,0.000000,0.000000*21
$CV1,1238,125101,1,0,100.0,-50.0,800.0,0.000000,0.000000,0.000000*2E
$CV1,1239,125202,1,0,100.0,-50.0,800.0,0.000000,0.000000,0.000000*2F
$CV1,1240,125303,1,0,100.0,-50.0,800.0,0.000000,0.000000,0.000000*21
$CV1,1241,125404,1,0,100.0,-50.0,800.0,0.000000,0.000000,0.000000*20
$CV1,1242,125505,1,0,100.0,-50.0,800.0,0.000000,0.000000,0.000000*23
$CV1,1243,125606,1,0,100.0,-50.0,800.0,0.000000,0.000000,0.000000*22
$CV1,1244,125707,1,0,100.0,-50.0,800.0,0.000000,0.000000,0.000000*25
$CV1,1245,125808,1,0,100.0,-50.0,800.0,0.000000,0.000000,0.000000*24
$CV1,1246,125909,1,0,100.0,-50.0,800.0,0.000000,0.000000,0.000000*27
$CV1,1247,126010,1,0,100.0,-50.0,800.0,0.000000,0.000000,0.000000*24
$CV1,1248,126111,1,0,100.0,-50.0,800.0,0.000000,0.000000,0.000000*2B
$CV1,1249,126212,1,0,100.0,-50.0,800.0,0.000000,0.000000,0.000000*2A
$CV1,1250,126313,1,0,100.0,-50.0,800.0,0.000000,0.000000,0.000000*22
$CV1,1251,126414,1,0,100.0,-50.0,800.0,0.000000,0.000000,0.000000*23
$CV1,1252,126515,1,0,100.0,-50.0,800.0,0.000000,0.000000,0.000000*20
$CV1,1253,126616,1,0,100.0,-50.0,800.0,0.000000,0.000000,0.000000*21
$CV1,1254,126717,1,0,100.0,-50.0,800.0,0.000000,0.000000,0.000000*26
$CV1,1255,126818,1,0,100.0,-50.0,800.0,0.000000,0.000000,0.000000*27
$CV1,1256,126919,1,0,100.0,-50.0,800.0,0.000000,0.000000,0.000000*24
$CV1,1257,127020,1,0,100.0,-50.0,800.0,0.000000,0.000000,0.000000*27
$CV1,1258,127121,1,0,100.0,-50.0,800.0,0.000000,0.000000,0.000000*28
$CV1,1259,127222,1,0,100.0,-50.0,800.0,0.000000,0.000000,0.000000*29
$CV1,1260,127322,1,0,100.0,-50.0,800.0,0.000000,0.000000,0.000000*22
$CV1,1261,127423,1,0,100.0,-50.0,800.0,0.000000,0.000000,0.000000*25
$CV1,1262,127524,1,0,100.0,-50.0,800.0,0.000000,0.000000,0.000000*20
$CV1,1263,127625,1,0,100.0,-50.0,800.0,0.000000,0.000000,0.000000*23
$CV1,1264,127726,1,0,100.0,-50.0,800.0,0.000000,0.000000,0.000000*26
$CV1,1265,127826,1,0,100.0,-50.0,800.0,0.000000,0.000000,0.000000*28
$CV1,1266,127927,1,0,100.0,-50.0,800.0,0.000000,0.000000,0.000000*2B
$CV1,1267,128028,1,0,100.0,-50.0,800.0,0.000000,0.000000,0.000000*23
$CV1,1268,128129,1,0,100.0,-50.0,800.0,0.000000,0.000000,0.000000*2C
$CV1,1269,128230,1,0,100.0,-50.0,800.0,0.000000,0.000000,0.000000*26
$CV1,1270,128331,1,0,100.0,-50.0,800.0,0.000000,0.000000,0.000000*2E
$CV1,1271,128431,1,0,100.0,-50.0,800.0,0.000000,0.000000,0.000000*28
$CV1,1272,128533,1,0,100.0,-50.0,800.0,0.000000,0.000000,0.000000*28
$CV1,1273,128634,1,0,100.0,-50.0,800.0,0.000000,0.000000,0.000000*2D
$CV1,1274,128735,1,0,100.0,-50.0,800.0,0.000000,0.000000,0.000000*2A
$CV1,1275,128836,1,0,100.0,-50.0,800.0,0.000000,0.000000,0.000000*27
$CV1,1276,128937,1,0,100.0,-50.0,800.0,0.000000,0.000000,0.000000*24
$CV1,1277,129038,1,0,100.0,-50.0,800.0,0.000000,0.000000,0.000000*22
$CV1,1278,129139,1,0,100.0,-50.0,800.0,0.000000,0.000000,0.000000*2D
$CV1,1279,129240,1,0,100.0,-50.0,800.0,0.000000,0.000000,0.000000*21
$CV1,1280,129341,1,0,100.0,-50.0,800.0,0.000000,0.000000,0.000000*27
$CV1,1281,129442,1,0,100.0,-50.0,800.0,0.000000,0.000000,0.000000*22
$CV1,1282,129543,1,0,100.0,-50.0,800.0,0.000000,0.000000,0.000000*21
$CV1,1283,129644,1,0,100.0,-50.0,800.0,0.000000,0.000000,0.000000*24
$CV1,1284,129745,1,0,100.0,-50.0,800.0,0.000000,0.000000,0.000000*23
$CV1,1285,129846,1,0,100.0,-50.0,800.0,0.000000,0.000000,0.000000*2E
$CV1,1286,129947,1,0,100.0,-50.0,800.0,0.000000,0.000000,0.000000*2D
$CV1,1287,130048,1,0,100.0,-50.0,800.0,0.000000,0.000000,0.000000*22
$CV1,1288,130149,1,0,100.0,-50.0,800.0,0.000000,0.000000,0.000000*2D
$CV1,1289,130250,1,0,100.0,-50.0,800.0,0.000000,0.000000,0.000000*27
$CV1,1290,130351,1,0,100.0,-50.0,800.0,0.000000,0.000000,0.000000*2F
$CV1,1291,130452,1,0,100.0,-50.0,800.0,0.000000,0.000000,0.000000*2A
$CV1,1292,130553,1,0,100.0,-50.0,800.0,0.000000,0.000000,0.000000*29
$CV1,1293,130654,1,0,100.0,-50.0,800.0,0.000000,0.000000,0.000000*2C
$CV1,1294,130755,1,0,100.0,-50.0,800.0,0.000000,0.000000,0.000000*2B
$CV1,1295,130856,1,0,100.0,-50.0,800.0,0.000000,0.000000,0.000000*26
$CV1,1296,130957,1,0,100.0,-50.0,800.0,0.000000,0.000000,0.000000*25
$CV1,1297,131058,0,-1,0.0,0.0,0.0,0.000000,0.000000,0.000000*1F
$CV1,1298,131159,0,-1,0.0,0.0,0.0,0.000000,0.000000,0.000000*10
$CV1,1299,131260,0,-1,0.0,0.0,0.0,0.000000,0.000000,0.000000*18
$CV1,1300,131360,0,-1,0.0,0.0,0.0,0.000000,0.000000,0.000000*18
$CV1,1301,131462,0,-1,0.0,0.0,0.0,0.000000,0.000000,0.000000*1C
$CV1,1302,131563,0,-1,0.0,0.0,0.0,0.000000,0.000000,0.000000*1F
$CV1,1303,131663,0,-1,0.0,0.0,0.0,0.000000,0.000000,0.000000*1D
$CV1,1304,131764,0,-1,0.0,0.0,0.0,0.000000,0.000000,0.000000*1C
$CV1,1305,131865,0,-1,0.0,0.0,0.0,0.000000,0.000000,0.000000*13
$CV1,1306,131966,0,-1,0.0,0.0,0.0,0.000000,0.000000,0.000000*12
$CV1,1307,132067,0,-1,0.0,0.0,0.0,0.000000,0.000000,0.000000*18
$CV1,1308,132169,0,-1,0.0,0.0,0.0,0.000000,0.000000,0.000000*18
$CV1,1309,132270,0,-1,0.0,0.0,0.0,0.000000,0.000000,0.000000*12
$CV1,1310,132371,0,-1,0.0,0.0,0.0,0.000000,0.000000,0.000000*1A
$CV1,1311,132472,0,-1,0.0,0.0,0.0,0.000000,0.000000,0.000000*1F
$CV1,1312,132573,0,-1,0.0,0.0,0.0,0.000000,0.000000,0.000000*1C
$CV1,1313,132674,0,-1,0.0,0.0,0.0,0.000000,0.000000,0.000000*19
$CV1,1314,132775,0,-1,0.0,0.0,0.0,0.000000,0.000000,0.000000*1E
$CV1,1315,132876,0,-1,0.0,0.0,0.0,0.000000,0.000000,0.000000*13
$CV1,1316,132977,0,-1,0.0,0.0,0.0,0.000000,0.000000,0.000000*10
$CV1,1317,133078,1,0,100.0,-50.0,800.0,0.000000,0.000000,0.000000*2A
$CV1,1318,133179,1,0,100.0,-50.0,800.0,0.000000,0.000000,0.000000*25
$CV1,1319,133280,1,0,100.0,-50.0,800.0,0.000000,0.000000,0.000000*21
$CV1,1320,133381,1,0,100.0,-50.0,800.0,0.000000,0.000000,0.000000*2B
$CV1,1321,133482,1,0,100.0,-50.0,800.0,0.000000,0.000000,0.000000*2E
$CV1,1322,133583,1,0,100.0,-50.0,800.0,0.000000,0.000000,0.000000*2D
$CV1,1323,133684,1,0,100.0,-50.0,800.0,0.000000,0.000000,0.000000*28
$CV1,1324,133785,1,0,100.0,-50.0,800.0,0.000000,0.000000,0.000000*2F
$CV1,1325,133886,1,0,100.0,-50.0,800.0,0.000000,0.000000,0.000000*22
$CV1,1326,133987,1,0,100.0,-50.0,800.0,0.000000,0.000000,0.000000*21
$CV1,1327,134087,1,0,100.0,-50.0,800.0,0.000000,0.000000,0.000000*2E
$CV1,1328,134188,1,0,100.0,-50.0,800.0,0.000000,0.000000,0.000000*2F
$CV1,1329,134290,1,0,100.0,-50.0,800.0,0.000000,0.000000,0.000000*24
$CV1,1330,134391,1,0,100.0,-50.0,800.0,0.000000,0.000000,0.000000*2C
$CV1,1331,134492,1,0,100.0,-50.0,800.0,0.000000,0.000000,0.000000*29
$CV1,1332,134593,1,0,100.0,-50.0,800.0,0.000000,0.000000,0.000000*2A
$CV1,1333,134694,1,0,100.0,-50.0,800.0,0.000000,0.000000,0.000000*2F
$CV1,1334,134795,1,0,100.0,-50.0,800.0,0.000000,0.000000,0.000000*28
$CV1,1335,134896,1,0,100.0,-50.0,800.0,0.000000,0.000000,0.000000*25
$CV1,1336,134998,1,0,100.0,-50.0,800.0,0.000000,0.000000,0.000000*29
$CV1,1337,135099,1,0,100.0,-50.0,800.0,0.000000,0.000000,0.000000*21
$CV1,1338,135200,1,0,100.0,-50.0,800.0,0.000000,0.000000,0.000000*2C
$CV1,1339,135301,1,0,100.0,-50.0,800.0,0.000000,0.000000,0.000000*2D
$CV1,1340,135402,1,0,100.0,-50.0,800.0,0.000000,0.000000,0.000000*27
$CV1,1341,135503,1,0,100.0,-50.0,800.0,0.000000,0.000000,0.000000*26
$CV1,1342,135605,1,0,100.0,-50.0,800.0,0.000000,0.000000,0.000000*20
$CV1,1343,135705,1,0,100.0,-50.0,800.0,0.000000,0.000000,0.000000*20
$CV1,1344,135806,1,0,100.0,-50.0,800.0,0.000000,0.000000,0.000000*2B
$CV1,1345,135907,1,0,100.0,-50.0,800.0,0.000000,0.000000,0.000000*2A
$CV1,1346,136008,1,0,100.0,-50.0,800.0,0.000000,0.000000,0.000000*2C
$CV1,1347,136108,1,0,100.0,-50.0,800.0,0.000000,0.000000,0.000000*2C
$CV1,1348,136209,1,0,100.0,-50.0,800.0,0.000000,0.000000,0.000000*21
$CV1,1349,136310,1,0,100.0,-50.0,800.0,0.000000,0.000000,0.000000*29
$CV1,1350,136411,1,0,100.0,-50.0,800.0,0.000000,0.000000,0.000000*27
$CV1,1351,136511,1,0,100.0,-50.0,800.0,0.000000,0.000000,0.000000*27
$CV1,1352,136612,1,0,100.0,-50.0,800.0,0.000000,0.000000,0.000000*24
$CV1,1353,136713,1,0,100.0,-50.0,800.0,0.000000,0.000000,0.000000*25
$CV1,1354,136814,1,0,100.0,-50.0,800.0,0.000000,0.000000,0.000000*2A
$CV1,1355,136915,1,0,100.0,-50.0,800.0,0.000000,0.000000,0.000000*2B
$CV1,1356,137016,1,0,100.0,-50.0,800.0,0.000000,0.000000,0.000000*23
$CV1,1357,137117,1,0,100.0,-50.0,800.0,0.000000,0.000000,0.000000*22
$CV1,1358,137218,1,0,100.0,-50.0,800.0,0.000000,0.000000,0.000000*21
$CV1,1359,137319,1,0,100.0,-50.0,800.0,0.000000,0.000000,0.000000*20
$CV1,1360,137420,1,0,100.0,-50.0,800.0,0.000000,0.000000,0.000000*27
$CV1,1361,137520,1,0,100.0,-50.0,800.0,0.000000,0.000000,0.000000*27
$CV1,1362,137622,1,0,100.0,-50.0,800.0,0.000000,0.000000,0.000000*25
$CV1,1363,137723,1,0,100.0,-50.0,800.0,0.000000,0.000000,0.000000*24
$CV1,1364,137824,1,0,100.0,-50.0,800.0,0.000000,0.000000,0.000000*2B
$CV1,1365,137925,1,0,100.0,-50.0,800.0,0.000000,0.000000,0.000000*2A
$CV1,1366,138026,1,0,100.0,-50.0,800.0,0.000000,0.000000,0.000000*2C
$CV1,1367,138127,1,0,100.0,-50.0,800.0,0.000000,0.000000,0.000000*2D
$CV1,1368,138228,1,0,100.0,-50.0,800.0,0.000000,0.000000,0.000000*2E
$CV1,1369,138329,1,0,100.0,-50.0,800.0,0.000000,0.000000,0.000000*2F
$CV1,1370,138430,1,0,100.0,-50.0,800.0,0.000000,0.000000,0.000000*28
$CV1,1371,138531,1,0,100.0,-50.0,800.0,0.000000,0.000000,0.000000*29
$CV1,1372,138631,1,0,100.0,-50.0,800.0,0.000000,0.000000,0.000000*29
$CV1,1373,138732,1,0,100.0,-50.0,800.0,0.000000,0.000000,0.000000*2A
$CV1,1374,138833,1,0,100.0,-50.0,800.0,0.000000,0.000000,0.000000*23
$CV1,1375,138934,1,0,100.0,-50.0,800.0,0.000000,0.000000,0.000000*24
$CV1,1376,139035,0,-1,0.0,0.0,0.0,0.000000,0.000000,0.000000*12
$CV1,1377,139137,0,-1,0.0,0.0,0.0,0.000000,0.000000,0.000000*10
$CV1,1378,139238,0,-1,0.0,0.0,0.0,0.000000,0.000000,0.000000*13
$CV1,1379,139339,0,-1,0.0,0.0,0.0,0.000000,0.000000,0.000000*12
$CV1,1380,139440,0,-1,0.0,0.0,0.0,0.000000,0.000000,0.000000*1D
$CV1,1381,139541,0,-1,0.0,0.0,0.0,0.000000,0.000000,0.000000*1C
$CV1,1382,139642,0,-1,0.0,0.0,0.0,0.000000,0.000000,0.000000*1F
$CV1,1383,139744,0,-1,0.0,0.0,0.0,0.000000,0.000000,0.000000*19
$CV1,1384,139845,0,-1,0.0,0.0,0.0,0.000000,0.000000,0.000000*10
$CV1,1385,139946,0,-1,0.0,0.0,0.0,0.000000,0.000000,0.000000*13
$CV1,1386,140046,0,-1,0.0,0.0,0.0,0.000000,0.000000,0.000000*17
$CV1,1387,140147,0,-1,0.0,0.0,0.0,0.000000,0.000000,0.000000*16
$CV1,1388,140248,0,-1,0.0,0.0,0.0,0.000000,0.000000,0.000000*15
$CV1,1389,140350,0,-1,0.0,0.0,0.0,0.000000,0.000000,0.000000*1C
$CV1,1390,140451,0,-1,0.0,0.0,0.0,0.000000,0.000000,0.000000*12
$CV1,1391,140552,0,-1,0.0,0.0,0.0,0.000000,0.000000,0.000000*11
$CV1,1392,140653,0,-1,0.0,0.0,0.0,0.000000,0.000000,0.000000*10
$CV1,1393,140753,0,-1,0.0,0.0,0.0,0.000000,0.000000,0.000000*10
$CV1,1394,140854,0,-1,0.0,0.0,0.0,0.000000,0.000000,0.000000*1F
$CV1,1395,140954,0,-1,0.0,0.0,0.0,0.000000,0.000000,0.000000*1F
$CV1,1396,141055,1,0,100.0,-50.0,800.0,0.000000,0.000000,0.000000*29
$CV1,1397,141158,1,0,100.0,-50.0,800.0,0.000000,0.000000,0.000000*24
$CV1,1398,141259,1,0,100.0,-50.0,800.0,0.000000,0.000000,0.000000*29
$CV1,1399,141359,1,0,100.0,-50.0,800.0,0.000000,0.000000,0.000000*29
$CV1,1400,141463,1,0,100.0,-50.0,800.0,0.000000,0.000000,0.000000*20
$CV1,1401,141564,1,0,100.0,-50.0,800.0,0.000000,0.000000,0.000000*27
$CV1,1402,141665,1,0,100.0,-50.0,800.0,0.000000,0.000000,0.000000*26
$CV1,1403,141766,1,0,100.0,-50.0,800.0,0.000000,0.000000,0.000000*25
$CV1,1404,141867,1,0,100.0,-50.0,800.0,0.000000,0.000000,0.000000*2C
$CV1,1405,141972,1,0,100.0,-50.0,800.0,0.000000,0.000000,0.000000*28
$CV1,1406,142073,1,0,100.0,-50.0,800.0,0.000000,0.000000,0.000000*20
$CV1,1407,142174,1,0,100.0,-50.0,800.0,0.000000,0.000000,0.000000*27
$CV1,1408,142274,1,0,100.0,-50.0,800.0,0.000000,0.000000,0.000000*2B
$CV1,1409,142375,1,0,100.0,-50.0,800.0,0.000000,0.000000,0.000000*2A
